## Average spectral response curve (electrons/photon - microns) for WISE3 array
#      Wave  Spectral_Response
  2.530e+00          7.881e-16
  2.540e+00          2.569e-15
  2.550e+00          4.239e-14
  2.560e+00          4.248e-15
  2.570e+00          2.295e-15
  2.580e+00          1.714e-14
  2.590e+00          2.360e-18
  2.600e+00          6.839e-15
  2.610e+00          1.051e-14
  2.620e+00          2.846e-14
  2.630e+00          1.439e-14
  2.640e+00          3.569e-15
  2.650e+00          6.334e-15
  2.660e+00          3.919e-16
  2.670e+00          1.584e-14
  2.680e+00          1.230e-14
  2.690e+00          1.676e-14
  2.700e+00          9.608e-15
  2.710e+00          4.714e-15
  2.720e+00          7.747e-15
  2.730e+00          8.743e-14
  2.740e+00          1.754e-14
  2.750e+00          1.335e-14
  2.760e+00          2.017e-13
  2.770e+00          1.213e-14
  2.780e+00          1.575e-14
  2.790e+00          6.245e-16
  2.800e+00          3.361e-16
  2.810e+00          6.194e-17
  2.820e+00          1.819e-15
  2.830e+00          2.308e-15
  2.840e+00          2.080e-14
  2.850e+00          8.315e-15
  2.860e+00          3.115e-15
  2.870e+00          2.756e-15
  2.880e+00          2.809e-15
  2.890e+00          3.048e-14
  2.900e+00          3.320e-14
  2.910e+00          1.475e-13
  2.920e+00          9.895e-16
  2.930e+00          2.820e-14
  2.940e+00          2.226e-14
  2.950e+00          2.071e-14
  2.960e+00          3.718e-15
  2.970e+00          2.146e-15
  2.980e+00          3.079e-16
  2.990e+00          1.568e-13
  3.000e+00          3.864e-13
  3.010e+00          1.768e-15
  3.020e+00          3.508e-14
  3.030e+00          1.697e-14
  3.040e+00          2.113e-15
  3.050e+00          2.988e-14
  3.060e+00          3.922e-16
  3.070e+00          1.305e-14
  3.080e+00          1.667e-12
  3.090e+00          1.655e-12
  3.100e+00          1.020e-14
  3.110e+00          4.239e-14
  3.120e+00          2.522e-14
  3.130e+00          6.590e-16
  3.140e+00          1.006e-14
  3.150e+00          4.248e-15
  3.160e+00          6.499e-15
  3.170e+00          4.209e-14
  3.180e+00          8.015e-14
  3.190e+00          9.559e-15
  3.200e+00          2.432e-14
  3.210e+00          4.385e-15
  3.220e+00          3.762e-14
  3.230e+00          7.531e-14
  3.240e+00          1.204e-14
  3.250e+00          7.082e-15
  3.260e+00          2.600e-14
  3.270e+00          1.120e-13
  3.280e+00          2.380e-14
  3.290e+00          4.367e-14
  3.300e+00          2.468e-14
  3.310e+00          6.965e-14
  3.320e+00          2.205e-13
  3.330e+00          2.034e-13
  3.340e+00          2.752e-14
  3.350e+00          5.893e-14
  3.360e+00          7.243e-15
  3.370e+00          1.854e-13
  3.380e+00          3.233e-14
  3.390e+00          1.662e-14
  3.400e+00          4.203e-14
  3.410e+00          3.925e-14
  3.420e+00          1.900e-14
  3.430e+00          3.699e-17
  3.440e+00          1.960e-14
  3.450e+00          3.648e-14
  3.460e+00          1.093e-14
  3.470e+00          1.496e-14
  3.480e+00          2.542e-13
  3.490e+00          1.543e-14
  3.500e+00          1.305e-13
  3.510e+00          1.778e-13
  3.520e+00          4.180e-14
  3.530e+00          4.653e-13
  3.540e+00          2.543e-14
  3.550e+00          1.553e-13
  3.560e+00          6.269e-13
  3.570e+00          5.781e-15
  3.580e+00          5.123e-14
  3.590e+00          3.433e-15
  3.600e+00          7.908e-14
  3.610e+00          1.911e-14
  3.620e+00          8.563e-14
  3.630e+00          1.502e-12
  3.640e+00          3.744e-14
  3.650e+00          2.618e-12
  3.660e+00          1.334e-12
  3.670e+00          2.019e-12
  3.680e+00          4.074e-12
  3.690e+00          1.370e-12
  3.700e+00          2.669e-15
  3.710e+00          1.756e-14
  3.720e+00          9.076e-15
  3.730e+00          7.329e-14
  3.740e+00          1.165e-12
  3.750e+00          2.875e-14
  3.760e+00          1.550e-14
  3.770e+00          7.578e-14
  3.780e+00          8.766e-13
  3.790e+00          7.586e-14
  3.800e+00          2.743e-13
  3.810e+00          2.055e-12
  3.820e+00          5.524e-14
  3.830e+00          3.387e-15
  3.840e+00          1.749e-12
  3.850e+00          1.163e-13
  3.860e+00          9.348e-13
  3.870e+00          4.598e-14
  3.880e+00          1.163e-12
  3.890e+00          2.358e-14
  3.900e+00          3.281e-14
  3.910e+00          1.635e-14
  3.920e+00          2.442e-14
  3.930e+00          9.823e-13
  3.940e+00          1.558e-13
  3.950e+00          1.340e-12
  3.960e+00          1.856e-12
  3.970e+00          1.027e-13
  3.980e+00          8.941e-14
  3.990e+00          4.391e-13
  4.000e+00          1.324e-13
  4.010e+00          5.650e-13
  4.020e+00          2.837e-14
  4.030e+00          2.561e-13
  4.040e+00          1.681e-12
  4.050e+00          2.498e-15
  4.060e+00          1.014e-13
  4.070e+00          1.699e-14
  4.080e+00          1.824e-13
  4.090e+00          4.371e-13
  4.100e+00          5.179e-13
  4.110e+00          1.594e-14
  4.120e+00          2.314e-13
  4.130e+00          2.656e-14
  4.140e+00          1.570e-14
  4.150e+00          3.399e-13
  4.160e+00          1.939e-13
  4.170e+00          1.544e-14
  4.180e+00          5.167e-14
  4.190e+00          7.325e-14
  4.200e+00          3.341e-14
  4.210e+00          7.784e-13
  4.220e+00          8.746e-14
  4.230e+00          6.948e-13
  4.240e+00          1.384e-14
  4.250e+00          8.174e-13
  4.260e+00          5.000e-13
  4.270e+00          6.165e-13
  4.280e+00          2.025e-13
  4.290e+00          2.248e-13
  4.300e+00          2.233e-14
  4.310e+00          9.104e-13
  4.320e+00          8.079e-13
  4.330e+00          6.019e-15
  4.340e+00          4.916e-13
  4.350e+00          1.016e-12
  4.360e+00          6.785e-14
  4.370e+00          2.168e-13
  4.380e+00          1.159e-13
  4.390e+00          3.107e-14
  4.400e+00          8.764e-13
  4.410e+00          2.337e-12
  4.420e+00          8.609e-14
  4.430e+00          1.381e-12
  4.440e+00          3.351e-12
  4.450e+00          4.077e-13
  4.460e+00          2.250e-13
  4.470e+00          1.447e-13
  4.480e+00          5.122e-14
  4.490e+00          1.469e-13
  4.500e+00          1.213e-13
  4.510e+00          1.456e-13
  4.520e+00          1.822e-13
  4.530e+00          2.083e-12
  4.540e+00          1.237e-12
  4.550e+00          3.622e-14
  4.560e+00          3.862e-12
  4.570e+00          2.748e-13
  4.580e+00          2.075e-13
  4.590e+00          1.405e-13
  4.600e+00          2.944e-12
  4.610e+00          2.392e-12
  4.620e+00          2.962e-13
  4.630e+00          2.420e-12
  4.640e+00          4.177e-12
  4.650e+00          3.011e-14
  4.660e+00          3.443e-15
  4.670e+00          2.757e-14
  4.680e+00          2.291e-12
  4.690e+00          1.163e-13
  4.700e+00          1.381e-13
  4.710e+00          9.779e-14
  4.720e+00          4.176e-14
  4.730e+00          4.826e-14
  4.740e+00          2.152e-14
  4.750e+00          9.154e-13
  4.760e+00          1.865e-13
  4.770e+00          5.911e-14
  4.780e+00          1.742e-12
  4.790e+00          1.350e-13
  4.800e+00          1.242e-13
  4.810e+00          1.021e-13
  4.820e+00          4.280e-12
  4.830e+00          1.574e-14
  4.840e+00          1.514e-12
  4.850e+00          5.620e-12
  4.860e+00          4.841e-12
  4.870e+00          2.116e-13
  4.880e+00          3.672e-13
  4.890e+00          4.443e-13
  4.900e+00          8.335e-14
  4.910e+00          9.692e-14
  4.920e+00          1.004e-13
  4.930e+00          7.430e-12
  4.940e+00          5.981e-12
  4.950e+00          5.799e-12
  4.960e+00          1.227e-11
  4.970e+00          1.786e-11
  4.980e+00          1.151e-11
  4.990e+00          2.274e-13
  5.000e+00          1.781e-11
  5.010e+00          1.094e-11
  5.020e+00          7.100e-12
  5.030e+00          2.239e-12
  5.040e+00          5.988e-12
  5.050e+00          1.045e-10
  5.060e+00          1.881e-10
  5.070e+00          1.288e-11
  5.080e+00          2.693e-11
  5.090e+00          1.131e-11
  5.100e+00          1.081e-10
  5.110e+00          5.374e-08
  5.120e+00          5.282e-08
  5.130e+00          5.672e-08
  5.140e+00          4.036e-08
  5.150e+00          4.115e-08
  5.160e+00          3.799e-08
  5.170e+00          3.526e-08
  5.180e+00          3.261e-08
  5.190e+00          4.859e-08
  5.200e+00          4.647e-08
  5.210e+00          3.574e-08
  5.220e+00          3.056e-08
  5.230e+00          3.124e-08
  5.240e+00          3.269e-08
  5.250e+00          4.826e-08
  5.260e+00          3.990e-08
  5.270e+00          4.060e-08
  5.280e+00          4.437e-08
  5.290e+00          5.022e-08
  5.300e+00          4.027e-08
  5.310e+00          5.383e-08
  5.320e+00          5.773e-08
  5.330e+00          6.049e-08
  5.340e+00          5.459e-08
  5.350e+00          5.656e-08
  5.360e+00          3.697e-08
  5.370e+00          4.265e-08
  5.380e+00          5.231e-08
  5.390e+00          5.364e-08
  5.400e+00          5.302e-08
  5.410e+00          5.353e-08
  5.420e+00          4.134e-08
  5.430e+00          3.768e-08
  5.440e+00          5.099e-08
  5.450e+00          6.304e-08
  5.460e+00          6.161e-08
  5.470e+00          6.960e-08
  5.480e+00          7.167e-08
  5.490e+00          6.998e-08
  5.500e+00          7.024e-08
  5.510e+00          7.112e-08
  5.520e+00          7.209e-08
  5.530e+00          7.247e-08
  5.540e+00          7.191e-08
  5.550e+00          7.223e-08
  5.560e+00          7.243e-08
  5.570e+00          7.253e-08
  5.580e+00          7.268e-08
  5.590e+00          7.172e-08
  5.600e+00          7.139e-08
  5.610e+00          7.079e-08
  5.620e+00          7.244e-08
  5.630e+00          7.253e-08
  5.640e+00          7.072e-08
  5.650e+00          6.998e-08
  5.660e+00          6.911e-08
  5.670e+00          6.902e-08
  5.680e+00          6.760e-08
  5.690e+00          6.554e-08
  5.700e+00          6.512e-08
  5.710e+00          6.710e-08
  5.720e+00          6.579e-08
  5.730e+00          6.570e-08
  5.740e+00          6.797e-08
  5.750e+00          7.022e-08
  5.760e+00          7.159e-08
  5.770e+00          7.197e-08
  5.780e+00          7.066e-08
  5.790e+00          7.329e-08
  5.800e+00          7.403e-08
  5.810e+00          7.552e-08
  5.820e+00          7.891e-08
  5.830e+00          7.952e-08
  5.840e+00          7.898e-08
  5.850e+00          8.060e-08
  5.860e+00          7.883e-08
  5.870e+00          7.931e-08
  5.880e+00          8.019e-08
  5.890e+00          8.298e-08
  5.900e+00          8.105e-08
  5.910e+00          8.085e-08
  5.920e+00          8.087e-08
  5.930e+00          8.390e-08
  5.940e+00          8.450e-08
  5.950e+00          8.642e-08
  5.960e+00          8.803e-08
  5.970e+00          9.060e-08
  5.980e+00          8.867e-08
  5.990e+00          9.125e-08
  6.000e+00          8.951e-08
  6.010e+00          9.021e-08
  6.020e+00          9.268e-08
  6.030e+00          9.340e-08
  6.040e+00          9.762e-08
  6.050e+00          9.764e-08
  6.060e+00          9.402e-08
  6.070e+00          9.818e-08
  6.080e+00          9.727e-08
  6.090e+00          1.032e-07
  6.100e+00          1.071e-07
  6.110e+00          1.126e-07
  6.120e+00          1.211e-07
  6.130e+00          1.414e-07
  6.140e+00          1.653e-07
  6.150e+00          2.071e-07
  6.160e+00          2.557e-07
  6.170e+00          3.350e-07
  6.180e+00          4.488e-07
  6.190e+00          6.240e-07
  6.200e+00          8.665e-07
  6.210e+00          1.090e-06
  6.220e+00          1.231e-06
  6.230e+00          1.654e-06
  6.240e+00          1.282e-06
  6.250e+00          1.848e-06
  6.260e+00          1.569e-06
  6.270e+00          1.588e-06
  6.280e+00          1.982e-06
  6.290e+00          1.164e-06
  6.300e+00          1.417e-06
  6.310e+00          1.082e-06
  6.320e+00          6.288e-07
  6.330e+00          8.237e-07
  6.340e+00          1.566e-06
  6.350e+00          9.639e-07
  6.360e+00          6.260e-09
  6.370e+00          2.109e-07
  6.380e+00          5.801e-09
  6.390e+00          1.450e-06
  6.400e+00          1.747e-06
  6.410e+00          1.298e-06
  6.420e+00          1.127e-06
  6.430e+00          1.954e-06
  6.440e+00          1.302e-08
  6.450e+00          3.667e-07
  6.460e+00          4.162e-09
  6.470e+00          5.823e-07
  6.480e+00          3.356e-07
  6.490e+00          1.845e-07
  6.500e+00          1.266e-07
  6.510e+00          1.428e-06
  6.520e+00          4.058e-06
  6.530e+00          3.138e-06
  6.540e+00          5.837e-07
  6.550e+00          2.648e-07
  6.560e+00          4.808e-08
  6.570e+00          5.740e-11
  6.580e+00          4.531e-11
  6.590e+00          3.605e-11
  6.600e+00          2.984e-11
  6.610e+00          2.776e-11
  6.620e+00          2.961e-11
  6.630e+00          6.492e-08
  6.640e+00          3.980e-08
  6.650e+00          5.087e-11
  6.660e+00          6.100e-11
  6.670e+00          6.807e-11
  6.680e+00          7.298e-11
  6.690e+00          7.628e-11
  6.700e+00          1.473e-07
  6.710e+00          6.826e-11
  6.720e+00          5.746e-11
  6.730e+00          1.222e-07
  6.740e+00          3.187e-06
  6.750e+00          3.900e-07
  6.760e+00          2.938e-06
  6.770e+00          2.840e-06
  6.780e+00          7.780e-07
  6.790e+00          4.565e-06
  6.800e+00          1.190e-06
  6.810e+00          6.164e-06
  6.820e+00          1.169e-05
  6.830e+00          8.813e-06
  6.840e+00          1.111e-05
  6.850e+00          8.323e-06
  6.860e+00          2.384e-06
  6.870e+00          2.573e-06
  6.880e+00          9.819e-06
  6.890e+00          1.291e-05
  6.900e+00          1.749e-05
  6.910e+00          3.118e-06
  6.920e+00          1.694e-05
  6.930e+00          3.068e-06
  6.940e+00          3.033e-06
  6.950e+00          3.025e-06
  6.960e+00          3.058e-06
  6.970e+00          3.277e-06
  6.980e+00          1.139e-05
  6.990e+00          3.415e-06
  7.000e+00          3.014e-06
  7.010e+00          1.098e-05
  7.020e+00          6.252e-09
  7.030e+00          8.193e-09
  7.040e+00          5.188e-07
  7.050e+00          1.380e-08
  7.060e+00          2.341e-06
  7.070e+00          2.337e-08
  7.080e+00          3.016e-08
  7.090e+00          3.896e-08
  7.100e+00          4.282e-06
  7.110e+00          6.511e-08
  7.120e+00          8.520e-08
  7.130e+00          1.120e-07
  7.140e+00          1.478e-07
  7.150e+00          1.992e-07
  7.160e+00          9.977e-06
  7.170e+00          3.732e-07
  7.180e+00          5.211e-07
  7.190e+00          7.329e-07
  7.200e+00          2.367e-05
  7.210e+00          1.449e-03
  7.220e+00          1.426e-03
  7.230e+00          1.781e-03
  7.240e+00          1.871e-03
  7.250e+00          1.722e-03
  7.260e+00          1.807e-03
  7.270e+00          1.602e-03
  7.280e+00          9.638e-04
  7.290e+00          1.370e-03
  7.300e+00          2.237e-03
  7.310e+00          2.801e-03
  7.320e+00          2.980e-03
  7.330e+00          2.918e-03
  7.340e+00          3.123e-03
  7.350e+00          3.044e-03
  7.360e+00          2.752e-03
  7.370e+00          2.747e-03
  7.380e+00          2.611e-03
  7.390e+00          2.777e-03
  7.400e+00          3.004e-03
  7.410e+00          3.507e-03
  7.420e+00          4.445e-03
  7.430e+00          5.815e-03
  7.440e+00          7.552e-03
  7.450e+00          9.546e-03
  7.460e+00          1.174e-02
  7.470e+00          1.417e-02
  7.480e+00          1.724e-02
  7.490e+00          2.125e-02
  7.500e+00          2.693e-02
  7.510e+00          3.488e-02
  7.520e+00          4.599e-02
       7.53            0.06104
       7.54            0.08063
       7.55             0.1044
       7.56              0.132
       7.57             0.1605
       7.58             0.1851
       7.59             0.2039
        7.6             0.2149
       7.61             0.2179
       7.62              0.214
       7.63              0.206
       7.64              0.196
       7.65              0.187
       7.66              0.179
       7.67              0.173
       7.68              0.168
       7.69              0.165
        7.7              0.164
       7.71              0.164
       7.72              0.164
       7.73              0.165
       7.74              0.166
       7.75              0.166
       7.76              0.167
       7.77              0.168
       7.78               0.17
       7.79              0.173
        7.8              0.176
       7.81              0.179
       7.82              0.182
       7.83              0.185
       7.84              0.188
       7.85               0.19
       7.86              0.192
       7.87              0.193
       7.88              0.194
       7.89              0.195
        7.9              0.197
       7.91              0.198
       7.92                0.2
       7.93              0.204
       7.94              0.207
       7.95              0.211
       7.96              0.216
       7.97              0.222
       7.98              0.228
       7.99              0.233
         8.              0.237
       8.01               0.24
       8.02              0.243
       8.03              0.245
       8.04              0.247
       8.05              0.248
       8.06              0.248
       8.07              0.249
       8.08              0.249
       8.09              0.251
        8.1              0.252
       8.11              0.252
       8.12              0.252
       8.13              0.251
       8.14              0.249
       8.15              0.247
       8.16              0.244
       8.17              0.241
       8.18              0.239
       8.19              0.238
        8.2              0.236
       8.21              0.235
       8.22              0.233
       8.23              0.232
       8.24              0.231
       8.25              0.229
       8.26              0.226
       8.27              0.222
       8.28              0.218
       8.29              0.214
        8.3              0.213
       8.31              0.213
       8.32              0.213
       8.33              0.214
       8.34              0.214
       8.35              0.213
       8.36              0.212
       8.37              0.212
       8.38              0.213
       8.39              0.215
        8.4              0.217
       8.41              0.218
       8.42               0.22
       8.43              0.222
       8.44              0.224
       8.45              0.226
       8.46              0.229
       8.47              0.232
       8.48              0.235
       8.49              0.238
        8.5              0.241
       8.51              0.244
       8.52              0.246
       8.53              0.248
       8.54               0.25
       8.55              0.252
       8.56              0.254
       8.57              0.255
       8.58              0.256
       8.59              0.256
        8.6              0.255
       8.61              0.254
       8.62              0.253
       8.63              0.252
       8.64               0.25
       8.65              0.249
       8.66              0.248
       8.67              0.247
       8.68              0.246
       8.69              0.244
        8.7              0.243
       8.71              0.241
       8.72               0.24
       8.73              0.239
       8.74              0.236
       8.75              0.231
       8.76               0.22
       8.77              0.201
       8.78              0.175
       8.79               0.15
        8.8              0.136
       8.81               0.14
       8.82              0.157
       8.83               0.18
       8.84                0.2
       8.85              0.214
       8.86              0.222
       8.87              0.227
       8.88               0.23
       8.89              0.233
        8.9              0.236
       8.91              0.239
       8.92              0.241
       8.93              0.243
       8.94              0.244
       8.95              0.244
       8.96              0.245
       8.97              0.246
       8.98              0.246
       8.99              0.247
         9.              0.247
       9.01              0.246
       9.02              0.245
       9.03              0.244
       9.04              0.243
       9.05              0.242
       9.06              0.242
       9.07              0.243
       9.08              0.243
       9.09              0.244
        9.1              0.245
       9.11              0.247
       9.12              0.247
       9.13              0.248
       9.14              0.248
       9.15              0.247
       9.16              0.246
       9.17              0.244
       9.18              0.243
       9.19              0.241
        9.2               0.24
       9.21               0.24
       9.22              0.239
       9.23              0.239
       9.24              0.238
       9.25              0.238
       9.26              0.236
       9.27              0.236
       9.28              0.235
       9.29              0.235
        9.3              0.236
       9.31              0.236
       9.32              0.237
       9.33              0.237
       9.34              0.237
       9.35              0.238
       9.36              0.238
       9.37              0.237
       9.38              0.237
       9.39              0.237
        9.4              0.238
       9.41              0.238
       9.42              0.239
       9.43              0.239
       9.44               0.24
       9.45              0.241
       9.46              0.242
       9.47              0.243
       9.48              0.245
       9.49              0.247
        9.5              0.249
       9.51              0.251
       9.52              0.252
       9.53              0.252
       9.54              0.252
       9.55              0.251
       9.56              0.249
       9.57              0.248
       9.58              0.246
       9.59              0.244
        9.6              0.242
       9.61               0.24
       9.62              0.239
       9.63              0.238
       9.64              0.238
       9.65              0.239
       9.66               0.24
       9.67              0.242
       9.68              0.243
       9.69              0.245
        9.7              0.246
       9.71              0.246
       9.72              0.246
       9.73              0.246
       9.74              0.245
       9.75              0.244
       9.76              0.244
       9.77              0.244
       9.78              0.244
       9.79              0.245
        9.8              0.246
       9.81              0.247
       9.82              0.248
       9.83              0.249
       9.84               0.25
       9.85              0.251
       9.86              0.252
       9.87              0.253
       9.88              0.254
       9.89              0.255
        9.9              0.257
       9.91              0.259
       9.92              0.262
       9.93              0.264
       9.94              0.267
       9.95              0.269
       9.96              0.271
       9.97              0.273
       9.98              0.274
       9.99              0.276
        10.              0.277
      10.01              0.279
      10.02              0.282
      10.03              0.284
      10.04              0.287
      10.05              0.291
      10.06              0.295
      10.07              0.299
      10.08              0.302
      10.09              0.306
       10.1               0.31
      10.11              0.313
      10.12              0.316
      10.13              0.319
      10.14              0.321
      10.15              0.323
      10.16              0.325
      10.17              0.327
      10.18              0.327
      10.19              0.327
       10.2              0.326
      10.21              0.324
      10.22              0.322
      10.23               0.32
      10.24              0.318
      10.25              0.317
      10.26              0.315
      10.27              0.312
      10.28               0.31
      10.29              0.307
       10.3              0.305
      10.31              0.302
      10.32              0.301
      10.33                0.3
      10.34              0.299
      10.35              0.299
      10.36              0.299
      10.37              0.299
      10.38              0.299
      10.39              0.298
       10.4              0.297
      10.41              0.296
      10.42              0.295
      10.43              0.294
      10.44              0.292
      10.45              0.292
      10.46              0.291
      10.47              0.291
      10.48              0.291
      10.49              0.292
       10.5              0.293
      10.51              0.294
      10.52              0.295
      10.53              0.295
      10.54              0.296
      10.55              0.297
      10.56              0.298
      10.57              0.299
      10.58              0.301
      10.59              0.302
       10.6              0.304
      10.61              0.305
      10.62              0.306
      10.63              0.307
      10.64              0.308
      10.65              0.309
      10.66               0.31
      10.67              0.311
      10.68              0.313
      10.69              0.314
       10.7              0.314
      10.71              0.315
      10.72              0.315
      10.73              0.314
      10.74              0.313
      10.75              0.312
      10.76              0.311
      10.77               0.31
      10.78              0.309
      10.79              0.308
       10.8              0.308
      10.81              0.308
      10.82              0.309
      10.83               0.31
      10.84              0.311
      10.85              0.312
      10.86              0.313
      10.87              0.313
      10.88              0.312
      10.89              0.311
       10.9               0.31
      10.91              0.308
      10.92              0.306
      10.93              0.305
      10.94              0.303
      10.95              0.301
      10.96                0.3
      10.97              0.299
      10.98              0.298
      10.99              0.298
        11.              0.298
      11.01              0.298
      11.02              0.299
      11.03                0.3
      11.04              0.301
      11.05              0.301
      11.06              0.301
      11.07                0.3
      11.08              0.299
      11.09              0.299
       11.1              0.298
      11.11              0.298
      11.12              0.297
      11.13              0.297
      11.14              0.297
      11.15              0.296
      11.16              0.296
      11.17              0.294
      11.18              0.293
      11.19              0.291
       11.2              0.289
      11.21              0.287
      11.22              0.285
      11.23              0.283
      11.24              0.282
      11.25              0.281
      11.26               0.28
      11.27               0.28
      11.28              0.281
      11.29              0.281
       11.3              0.282
      11.31              0.283
      11.32              0.285
      11.33              0.286
      11.34              0.287
      11.35              0.288
      11.36              0.289
      11.37              0.289
      11.38               0.29
      11.39               0.29
       11.4              0.291
      11.41              0.291
      11.42              0.292
      11.43              0.293
      11.44              0.294
      11.45              0.295
      11.46              0.296
      11.47              0.298
      11.48              0.299
      11.49              0.301
       11.5              0.302
      11.51              0.304
      11.52              0.306
      11.53              0.308
      11.54               0.31
      11.55              0.312
      11.56              0.314
      11.57              0.315
      11.58              0.316
      11.59              0.317
       11.6              0.317
      11.61              0.318
      11.62              0.318
      11.63              0.319
      11.64              0.319
      11.65               0.32
      11.66               0.32
      11.67              0.321
      11.68              0.321
      11.69              0.321
       11.7              0.321
      11.71               0.32
      11.72              0.319
      11.73              0.317
      11.74              0.315
      11.75              0.314
      11.76              0.312
      11.77               0.31
      11.78              0.309
      11.79              0.308
       11.8              0.307
      11.81              0.307
      11.82              0.306
      11.83              0.306
      11.84              0.306
      11.85              0.305
      11.86              0.304
      11.87              0.303
      11.88              0.302
      11.89              0.301
       11.9              0.299
      11.91              0.298
      11.92              0.297
      11.93              0.296
      11.94              0.295
      11.95              0.295
      11.96              0.294
      11.97              0.294
      11.98              0.294
      11.99              0.293
        12.              0.293
      12.01              0.292
      12.02              0.291
      12.03               0.29
      12.04              0.289
      12.05              0.288
      12.06              0.286
      12.07              0.285
      12.08              0.283
      12.09              0.283
       12.1              0.282
      12.11              0.282
      12.12              0.282
      12.13              0.283
      12.14              0.284
      12.15              0.285
      12.16              0.286
      12.17              0.287
      12.18              0.288
      12.19              0.289
       12.2              0.291
      12.21              0.291
      12.22              0.292
      12.23              0.293
      12.24              0.293
      12.25              0.294
      12.26              0.294
      12.27              0.294
      12.28              0.295
      12.29              0.295
       12.3              0.296
      12.31              0.297
      12.32              0.299
      12.33              0.301
      12.34              0.303
      12.35              0.305
      12.36              0.307
      12.37              0.309
      12.38              0.311
      12.39              0.314
       12.4              0.316
      12.41              0.319
      12.42              0.322
      12.43              0.324
      12.44              0.327
      12.45              0.329
      12.46              0.332
      12.47              0.334
      12.48              0.336
      12.49              0.337
       12.5              0.338
      12.51              0.339
      12.52               0.34
  1.253e+01          3.390e-01
  1.254e+01          3.390e-01
  1.255e+01          3.380e-01
  1.256e+01          3.370e-01
  1.257e+01          3.360e-01
  1.258e+01          3.350e-01
  1.259e+01          3.340e-01
  1.260e+01          3.340e-01
  1.261e+01          3.340e-01
  1.262e+01          3.340e-01
  1.263e+01          3.350e-01
  1.264e+01          3.360e-01
  1.265e+01          3.370e-01
  1.266e+01          3.380e-01
  1.267e+01          3.379e-01
  1.268e+01          3.389e-01
  1.269e+01          3.389e-01
  1.270e+01          3.389e-01
  1.271e+01          3.389e-01
  1.272e+01          3.389e-01
  1.273e+01          3.390e-01
  1.274e+01          3.390e-01
  1.275e+01          3.390e-01
  1.276e+01          3.400e-01
  1.277e+01          3.400e-01
  1.278e+01          3.410e-01
  1.279e+01          3.420e-01
  1.280e+01          3.430e-01
  1.281e+01          3.440e-01
  1.282e+01          3.460e-01
  1.283e+01          3.480e-01
  1.284e+01          3.500e-01
  1.285e+01          3.520e-01
  1.286e+01          3.550e-01
  1.287e+01          3.570e-01
  1.288e+01          3.590e-01
  1.289e+01          3.620e-01
  1.290e+01          3.630e-01
  1.291e+01          3.650e-01
  1.292e+01          3.660e-01
  1.293e+01          3.670e-01
  1.294e+01          3.670e-01
  1.295e+01          3.680e-01
  1.296e+01          3.680e-01
  1.297e+01          3.670e-01
  1.298e+01          3.670e-01
  1.299e+01          3.670e-01
  1.300e+01          3.670e-01
  1.301e+01          3.670e-01
  1.302e+01          3.670e-01
  1.303e+01          3.680e-01
  1.304e+01          3.690e-01
  1.305e+01          3.700e-01
  1.306e+01          3.710e-01
  1.307e+01          3.730e-01
  1.308e+01          3.760e-01
  1.309e+01          3.780e-01
  1.310e+01          3.810e-01
  1.311e+01          3.840e-01
  1.312e+01          3.870e-01
  1.313e+01          3.900e-01
  1.314e+01          3.920e-01
  1.315e+01          3.950e-01
  1.316e+01          3.980e-01
  1.317e+01          4.000e-01
  1.318e+01          4.020e-01
  1.319e+01          4.040e-01
  1.320e+01          4.060e-01
  1.321e+01          4.080e-01
  1.322e+01          4.090e-01
  1.323e+01          4.100e-01
  1.324e+01          4.110e-01
  1.325e+01          4.120e-01
  1.326e+01          4.130e-01
  1.327e+01          4.140e-01
  1.328e+01          4.140e-01
  1.329e+01          4.140e-01
  1.330e+01          4.140e-01
  1.331e+01          4.140e-01
  1.332e+01          4.130e-01
  1.333e+01          4.120e-01
  1.334e+01          4.100e-01
  1.335e+01          4.090e-01
  1.336e+01          4.080e-01
  1.337e+01          4.060e-01
  1.338e+01          4.050e-01
  1.339e+01          4.040e-01
  1.340e+01          4.030e-01
  1.341e+01          4.030e-01
  1.342e+01          4.030e-01
  1.343e+01          4.030e-01
  1.344e+01          4.030e-01
  1.345e+01          4.040e-01
  1.346e+01          4.040e-01
  1.347e+01          4.050e-01
  1.348e+01          4.050e-01
  1.349e+01          4.060e-01
  1.350e+01          4.060e-01
  1.351e+01          4.060e-01
  1.352e+01          4.060e-01
  1.353e+01          4.060e-01
  1.354e+01          4.060e-01
  1.355e+01          4.060e-01
  1.356e+01          4.060e-01
  1.357e+01          4.070e-01
  1.358e+01          4.070e-01
  1.359e+01          4.080e-01
  1.360e+01          4.080e-01
  1.361e+01          4.090e-01
  1.362e+01          4.090e-01
  1.363e+01          4.100e-01
  1.364e+01          4.100e-01
  1.365e+01          4.100e-01
  1.366e+01          4.090e-01
  1.367e+01          4.090e-01
  1.368e+01          4.080e-01
  1.369e+01          4.070e-01
  1.370e+01          4.060e-01
  1.371e+01          4.050e-01
  1.372e+01          4.040e-01
  1.373e+01          4.030e-01
  1.374e+01          4.020e-01
  1.375e+01          4.010e-01
  1.376e+01          4.010e-01
  1.377e+01          4.010e-01
  1.378e+01          4.010e-01
  1.379e+01          4.010e-01
  1.380e+01          4.020e-01
  1.381e+01          4.020e-01
  1.382e+01          4.030e-01
  1.383e+01          4.040e-01
  1.384e+01          4.040e-01
  1.385e+01          4.040e-01
  1.386e+01          4.050e-01
  1.387e+01          4.050e-01
  1.388e+01          4.050e-01
  1.389e+01          4.050e-01
  1.390e+01          4.050e-01
  1.391e+01          4.060e-01
  1.392e+01          4.060e-01
  1.393e+01          4.060e-01
  1.394e+01          4.070e-01
  1.395e+01          4.080e-01
  1.396e+01          4.090e-01
  1.397e+01          4.100e-01
  1.398e+01          4.110e-01
  1.399e+01          4.120e-01
  1.400e+01          4.140e-01
  1.401e+01          4.150e-01
  1.402e+01          4.160e-01
  1.403e+01          4.170e-01
  1.404e+01          4.180e-01
  1.405e+01          4.180e-01
  1.406e+01          4.190e-01
  1.407e+01          4.190e-01
  1.408e+01          4.180e-01
  1.409e+01          4.180e-01
  1.410e+01          4.170e-01
  1.411e+01          4.170e-01
  1.412e+01          4.160e-01
  1.413e+01          4.150e-01
  1.414e+01          4.150e-01
  1.415e+01          4.150e-01
  1.416e+01          4.140e-01
  1.417e+01          4.150e-01
  1.418e+01          4.150e-01
  1.419e+01          4.160e-01
  1.420e+01          4.160e-01
  1.421e+01          4.170e-01
  1.422e+01          4.180e-01
  1.423e+01          4.180e-01
  1.424e+01          4.190e-01
  1.425e+01          4.190e-01
  1.426e+01          4.190e-01
  1.427e+01          4.180e-01
  1.428e+01          4.170e-01
  1.429e+01          4.170e-01
  1.430e+01          4.160e-01
  1.431e+01          4.150e-01
  1.432e+01          4.150e-01
  1.433e+01          4.140e-01
  1.434e+01          4.140e-01
  1.435e+01          4.140e-01
  1.436e+01          4.150e-01
  1.437e+01          4.150e-01
  1.438e+01          4.160e-01
  1.439e+01          4.170e-01
  1.440e+01          4.180e-01
  1.441e+01          4.180e-01
  1.442e+01          4.190e-01
  1.443e+01          4.200e-01
  1.444e+01          4.200e-01
  1.445e+01          4.200e-01
  1.446e+01          4.200e-01
  1.447e+01          4.190e-01
  1.448e+01          4.180e-01
  1.449e+01          4.170e-01
  1.450e+01          4.160e-01
  1.451e+01          4.150e-01
  1.452e+01          4.140e-01
  1.453e+01          4.130e-01
  1.454e+01          4.120e-01
  1.455e+01          4.110e-01
  1.456e+01          4.100e-01
  1.457e+01          4.090e-01
  1.458e+01          4.080e-01
  1.459e+01          4.070e-01
  1.460e+01          4.060e-01
  1.461e+01          4.050e-01
  1.462e+01          4.040e-01
  1.463e+01          4.030e-01
  1.464e+01          4.020e-01
  1.465e+01          4.010e-01
  1.466e+01          4.000e-01
  1.467e+01          3.990e-01
  1.468e+01          3.980e-01
  1.469e+01          3.980e-01
  1.470e+01          3.970e-01
  1.471e+01          3.970e-01
  1.472e+01          3.960e-01
  1.473e+01          3.960e-01
  1.474e+01          3.950e-01
  1.475e+01          3.950e-01
  1.476e+01          3.950e-01
  1.477e+01          3.940e-01
  1.478e+01          3.930e-01
  1.479e+01          3.920e-01
  1.480e+01          3.910e-01
  1.481e+01          3.910e-01
  1.482e+01          3.890e-01
  1.483e+01          3.880e-01
  1.484e+01          3.870e-01
  1.485e+01          3.860e-01
  1.486e+01          3.850e-01
  1.487e+01          3.840e-01
  1.488e+01          3.830e-01
  1.489e+01          3.820e-01
  1.490e+01          3.810e-01
  1.491e+01          3.800e-01
  1.492e+01          3.790e-01
  1.493e+01          3.770e-01
  1.494e+01          3.760e-01
  1.495e+01          3.750e-01
  1.496e+01          3.730e-01
  1.497e+01          3.720e-01
  1.498e+01          3.710e-01
  1.499e+01          3.690e-01
  1.500e+01          3.680e-01
  1.501e+01          3.670e-01
  1.502e+01          3.660e-01
  1.503e+01          3.650e-01
  1.504e+01          3.640e-01
  1.505e+01          3.630e-01
  1.506e+01          3.620e-01
  1.507e+01          3.610e-01
  1.508e+01          3.600e-01
  1.509e+01          3.590e-01
  1.510e+01          3.570e-01
  1.511e+01          3.560e-01
  1.512e+01          3.550e-01
  1.513e+01          3.530e-01
  1.514e+01          3.510e-01
  1.515e+01          3.490e-01
  1.516e+01          3.470e-01
  1.517e+01          3.440e-01
  1.518e+01          3.410e-01
  1.519e+01          3.380e-01
  1.520e+01          3.350e-01
  1.521e+01          3.320e-01
  1.522e+01          3.280e-01
  1.523e+01          3.250e-01
  1.524e+01          3.210e-01
  1.525e+01          3.180e-01
  1.526e+01          3.150e-01
  1.527e+01          3.110e-01
  1.528e+01          3.080e-01
  1.529e+01          3.050e-01
  1.530e+01          3.020e-01
  1.531e+01          2.990e-01
  1.532e+01          2.970e-01
  1.533e+01          2.940e-01
  1.534e+01          2.910e-01
  1.535e+01          2.880e-01
  1.536e+01          2.850e-01
  1.537e+01          2.820e-01
  1.538e+01          2.791e-01
  1.539e+01          2.761e-01
  1.540e+01          2.731e-01
  1.541e+01          2.701e-01
  1.542e+01          2.671e-01
  1.543e+01          2.650e-01
  1.544e+01          2.620e-01
  1.545e+01          2.600e-01
  1.546e+01          2.590e-01
  1.547e+01          2.570e-01
  1.548e+01          2.560e-01
  1.549e+01          2.550e-01
  1.550e+01          2.540e-01
  1.551e+01          2.540e-01
  1.552e+01          2.540e-01
  1.553e+01          2.530e-01
  1.554e+01          2.530e-01
  1.555e+01          2.530e-01
  1.556e+01          2.530e-01
  1.557e+01          2.530e-01
  1.558e+01          2.540e-01
  1.559e+01          2.540e-01
  1.560e+01          2.540e-01
  1.561e+01          2.540e-01
  1.562e+01          2.550e-01
  1.563e+01          2.550e-01
  1.564e+01          2.560e-01
  1.565e+01          2.560e-01
  1.566e+01          2.570e-01
  1.567e+01          2.570e-01
  1.568e+01          2.580e-01
  1.569e+01          2.580e-01
  1.570e+01          2.580e-01
  1.571e+01          2.590e-01
  1.572e+01          2.590e-01
  1.573e+01          2.590e-01
  1.574e+01          2.590e-01
  1.575e+01          2.580e-01
  1.576e+01          2.580e-01
  1.577e+01          2.580e-01
  1.578e+01          2.570e-01
  1.579e+01          2.570e-01
  1.580e+01          2.560e-01
  1.581e+01          2.550e-01
  1.582e+01          2.550e-01
  1.583e+01          2.540e-01
  1.584e+01          2.530e-01
  1.585e+01          2.520e-01
  1.586e+01          2.500e-01
  1.587e+01          2.490e-01
  1.588e+01          2.480e-01
  1.589e+01          2.460e-01
  1.590e+01          2.450e-01
  1.591e+01          2.430e-01
  1.592e+01          2.410e-01
  1.593e+01          2.400e-01
  1.594e+01          2.380e-01
  1.595e+01          2.360e-01
  1.596e+01          2.350e-01
  1.597e+01          2.330e-01
  1.598e+01          2.320e-01
  1.599e+01          2.310e-01
  1.600e+01          2.300e-01
  1.601e+01          2.290e-01
  1.602e+01          2.280e-01
  1.603e+01          2.270e-01
  1.604e+01          2.270e-01
  1.605e+01          2.260e-01
  1.606e+01          2.260e-01
  1.607e+01          2.260e-01
  1.608e+01          2.260e-01
  1.609e+01          2.260e-01
  1.610e+01          2.250e-01
  1.611e+01          2.250e-01
  1.612e+01          2.250e-01
  1.613e+01          2.240e-01
  1.614e+01          2.240e-01
  1.615e+01          2.240e-01
  1.616e+01          2.230e-01
  1.617e+01          2.220e-01
  1.618e+01          2.220e-01
  1.619e+01          2.210e-01
  1.620e+01          2.200e-01
  1.621e+01          2.190e-01
  1.622e+01          2.180e-01
  1.623e+01          2.170e-01
  1.624e+01          2.150e-01
  1.625e+01          2.140e-01
  1.626e+01          2.120e-01
  1.627e+01          2.100e-01
  1.628e+01          2.080e-01
  1.629e+01          2.060e-01
  1.630e+01          2.030e-01
  1.631e+01          2.000e-01
  1.632e+01          1.971e-01
  1.633e+01          1.941e-01
  1.634e+01          1.911e-01
  1.635e+01          1.871e-01
  1.636e+01          1.831e-01
  1.637e+01          1.791e-01
  1.638e+01          1.751e-01
  1.639e+01          1.711e-01
  1.640e+01          1.671e-01
  1.641e+01          1.621e-01
  1.642e+01          1.581e-01
  1.643e+01          1.531e-01
  1.644e+01          1.491e-01
  1.645e+01          1.441e-01
  1.646e+01          1.391e-01
  1.647e+01          1.351e-01
  1.648e+01          1.301e-01
  1.649e+01          1.251e-01
  1.650e+01          1.211e-01
  1.651e+01          1.161e-01
  1.652e+01          1.121e-01
  1.653e+01          1.071e-01
  1.654e+01          1.031e-01
  1.655e+01          9.826e-02
  1.656e+01          9.395e-02
  1.657e+01          8.975e-02
  1.658e+01          8.574e-02
  1.659e+01          8.164e-02
  1.660e+01          7.784e-02
  1.661e+01          7.415e-02
  1.662e+01          7.055e-02
  1.663e+01          6.705e-02
  1.664e+01          6.366e-02
  1.665e+01          6.056e-02
  1.666e+01          5.746e-02
  1.667e+01          5.446e-02
  1.668e+01          5.175e-02
  1.669e+01          4.915e-02
  1.670e+01          4.664e-02
  1.671e+01          4.433e-02
  1.672e+01          4.203e-02
  1.673e+01          3.992e-02
  1.674e+01          3.802e-02
  1.675e+01          3.602e-02
  1.676e+01          3.432e-02
  1.677e+01          3.272e-02
  1.678e+01          3.112e-02
  1.679e+01          2.972e-02
  1.680e+01          2.833e-02
  1.681e+01          2.702e-02
  1.682e+01          2.582e-02
  1.683e+01          2.462e-02
  1.684e+01          2.362e-02
  1.685e+01          2.261e-02
  1.686e+01          2.161e-02
  1.687e+01          2.071e-02
  1.688e+01          1.980e-02
  1.689e+01          1.900e-02
  1.690e+01          1.829e-02
  1.691e+01          1.749e-02
  1.692e+01          1.688e-02
  1.693e+01          1.618e-02
  1.694e+01          1.558e-02
  1.695e+01          1.508e-02
  1.696e+01          1.448e-02
  1.697e+01          1.398e-02
  1.698e+01          1.348e-02
  1.699e+01          1.308e-02
  1.700e+01          1.268e-02
  1.701e+01          1.228e-02
  1.702e+01          1.188e-02
  1.703e+01          1.148e-02
  1.704e+01          1.117e-02
  1.705e+01          1.078e-02
  1.706e+01          1.047e-02
  1.707e+01          1.017e-02
  1.708e+01          9.841e-03
  1.709e+01          9.527e-03
  1.710e+01          9.220e-03
  1.711e+01          8.904e-03
  1.712e+01          8.581e-03
  1.713e+01          8.264e-03
  1.714e+01          7.939e-03
  1.715e+01          7.596e-03
  1.716e+01          7.261e-03
  1.717e+01          6.905e-03
  1.718e+01          6.539e-03
  1.719e+01          6.171e-03
  1.720e+01          5.805e-03
  1.721e+01          5.428e-03
  1.722e+01          5.052e-03
  1.723e+01          4.674e-03
  1.724e+01          4.306e-03
  1.725e+01          3.927e-03
  1.726e+01          3.567e-03
  1.727e+01          3.206e-03
  1.728e+01          2.844e-03
  1.729e+01          2.495e-03
  1.730e+01          2.175e-03
  1.731e+01          1.847e-03
  1.732e+01          1.553e-03
  1.733e+01          1.250e-03
  1.734e+01          9.764e-04
  1.735e+01          6.603e-04
  1.736e+01          7.003e-04
  1.737e+01          4.424e-04
  1.738e+01          2.304e-03
  1.739e+01          2.469e-03
  1.740e+01          2.486e-03
  1.741e+01          2.345e-03
  1.742e+01          2.029e-03
  1.743e+01          1.590e-03
  1.744e+01          1.059e-03
  1.745e+01          4.373e-04
  1.746e+01          1.136e-03
  1.747e+01          2.343e-04
  1.748e+01          6.431e-04
  1.749e+01          8.803e-04
  1.750e+01          1.010e-03
  1.751e+01          1.365e-03
  1.752e+01          1.328e-03
  1.753e+01          1.098e-03
  1.754e+01          9.208e-04
  1.755e+01          7.691e-04
  1.756e+01          6.316e-04
  1.757e+01          5.031e-04
  1.758e+01          3.633e-04
  1.759e+01          4.194e-04
  1.760e+01          3.795e-04
  1.761e+01          3.458e-04
  1.762e+01          3.171e-04
  1.763e+01          2.936e-04
  1.764e+01          2.648e-04
  1.765e+01          2.184e-04
  1.766e+01          2.046e-04
  1.767e+01          1.870e-04
  1.768e+01          1.695e-04
  1.769e+01          1.526e-04
  1.770e+01          1.367e-04
  1.771e+01          1.189e-04
  1.772e+01          1.110e-04
  1.773e+01          1.035e-04
  1.774e+01          9.726e-05
  1.775e+01          9.178e-05
  1.776e+01          8.668e-05
  1.777e+01          8.116e-05
  1.778e+01          7.646e-05
  1.779e+01          7.226e-05
  1.780e+01          6.856e-05
  1.781e+01          6.541e-05
  1.782e+01          6.241e-05
  1.783e+01          5.972e-05
  1.784e+01          5.727e-05
  1.785e+01          5.509e-05
  1.786e+01          5.301e-05
  1.787e+01          5.116e-05
  1.788e+01          4.928e-05
  1.789e+01          4.837e-05
  1.790e+01          4.743e-05
  1.791e+01          4.658e-05
  1.792e+01          4.571e-05
  1.793e+01          4.494e-05
  1.794e+01          4.415e-05
  1.795e+01          4.336e-05
  1.796e+01          4.870e-05
  1.797e+01          5.029e-05
  1.798e+01          5.067e-05
  1.799e+01          5.043e-05
  1.800e+01          5.011e-05
  1.801e+01          4.952e-05
  1.802e+01          4.927e-05
  1.803e+01          4.815e-05
  1.804e+01          4.608e-05
  1.805e+01          3.995e-05
  1.806e+01          4.016e-05
  1.807e+01          4.031e-05
  1.808e+01          4.037e-05
  1.809e+01          4.056e-05
  1.810e+01          4.064e-05
  1.811e+01          4.085e-05
  1.812e+01          4.095e-05
  1.813e+01          4.110e-05
  1.814e+01          4.113e-05
  1.815e+01          4.110e-05
  1.816e+01          4.116e-05
  1.817e+01          4.121e-05
  1.818e+01          4.119e-05
  1.819e+01          4.729e-05
  1.820e+01          4.957e-05
  1.821e+01          5.051e-05
  1.822e+01          5.058e-05
  1.823e+01          5.021e-05
  1.824e+01          4.962e-05
  1.825e+01          4.851e-05
  1.826e+01          4.705e-05
  1.827e+01          4.502e-05
  1.828e+01          4.280e-05
  1.829e+01          3.950e-05
  1.830e+01          3.908e-05
  1.831e+01          3.856e-05
  1.832e+01          3.794e-05
  1.833e+01          3.743e-05
  1.834e+01          3.692e-05
  1.835e+01          3.642e-05
  1.836e+01          3.591e-05
  1.837e+01          3.541e-05
  1.838e+01          3.491e-05
  1.839e+01          3.432e-05
  1.840e+01          3.355e-05
  1.841e+01          3.278e-05
  1.842e+01          3.202e-05
  1.843e+01          3.135e-05
  1.844e+01          3.058e-05
  1.845e+01          2.853e-05
  1.846e+01          3.188e-05
  1.847e+01          3.262e-05
  1.848e+01          3.274e-05
  1.849e+01          3.255e-05
  1.850e+01          3.219e-05
  1.851e+01          3.169e-05
  1.852e+01          3.100e-05
  1.853e+01          3.038e-05
  1.854e+01          2.965e-05
  1.855e+01          2.873e-05
  1.856e+01          2.778e-05
  1.857e+01          2.674e-05
  1.858e+01          2.569e-05
  1.859e+01          2.490e-05
  1.860e+01          2.453e-05
  1.861e+01          2.441e-05
  1.862e+01          2.411e-05
  1.863e+01          2.353e-05
  1.864e+01          2.226e-05
  1.865e+01          1.990e-05
  1.866e+01          1.968e-05
  1.867e+01          1.946e-05
  1.868e+01          1.934e-05
  1.869e+01          1.914e-05
  1.870e+01          1.893e-05
  1.871e+01          1.884e-05
  1.872e+01          1.865e-05
  1.873e+01          1.857e-05
  1.874e+01          2.076e-05
  1.875e+01          2.129e-05
  1.876e+01          2.143e-05
  1.877e+01          2.123e-05
  1.878e+01          2.074e-05
  1.879e+01          1.971e-05
  1.880e+01          1.758e-05
  1.881e+01          1.742e-05
  1.882e+01          1.736e-05
  1.883e+01          1.719e-05
  1.884e+01          1.703e-05
  1.885e+01          1.687e-05
  1.886e+01          1.680e-05
  1.887e+01          1.664e-05
  1.888e+01          1.647e-05
  1.889e+01          1.630e-05
  1.890e+01          1.622e-05
  1.891e+01          1.594e-05
  1.892e+01          1.723e-05
  1.893e+01          1.776e-05
  1.894e+01          1.810e-05
  1.895e+01          1.830e-05
  1.896e+01          1.832e-05
  1.897e+01          1.816e-05
  1.898e+01          1.782e-05
  1.899e+01          1.681e-05
  1.900e+01          1.450e-05
  1.901e+01          1.431e-05
  1.902e+01          1.412e-05
  1.903e+01          1.393e-05
  1.904e+01          1.374e-05
  1.905e+01          1.355e-05
  1.906e+01          1.345e-05
  1.907e+01          1.325e-05
  1.908e+01          1.336e-05
  1.909e+01          1.511e-05
  1.910e+01          1.523e-05
  1.911e+01          1.513e-05
  1.912e+01          1.485e-05
  1.913e+01          1.437e-05
  1.914e+01          1.389e-05
  1.915e+01          1.343e-05
  1.916e+01          1.300e-05
  1.917e+01          1.259e-05
  1.918e+01          1.239e-05
  1.919e+01          1.229e-05
  1.920e+01          1.228e-05
  1.921e+01          1.238e-05
  1.922e+01          1.255e-05
  1.923e+01          1.277e-05
  1.924e+01          1.297e-05
  1.925e+01          1.323e-05
  1.926e+01          1.334e-05
  1.927e+01          1.338e-05
  1.928e+01          1.336e-05
  1.929e+01          1.334e-05
  1.930e+01          1.319e-05
  1.931e+01          1.298e-05
  1.932e+01          1.272e-05
  1.933e+01          1.244e-05
  1.934e+01          1.223e-05
  1.935e+01          1.197e-05
  1.936e+01          1.185e-05
  1.937e+01          1.167e-05
  1.938e+01          1.159e-05
  1.939e+01          1.141e-05
  1.940e+01          1.128e-05
  1.941e+01          1.103e-05
  1.942e+01          1.083e-05
  1.943e+01          1.050e-05
  1.944e+01          1.025e-05
  1.945e+01          1.006e-05
  1.946e+01          9.896e-06
  1.947e+01          9.964e-06
  1.948e+01          1.003e-05
  1.949e+01          1.021e-05
  1.950e+01          1.030e-05
  1.951e+01          1.045e-05
  1.952e+01          1.047e-05
  1.953e+01          1.053e-05
  1.954e+01          1.045e-05
  1.955e+01          1.040e-05
  1.956e+01          1.019e-05
  1.957e+01          1.000e-05
  1.958e+01          9.653e-06
  1.959e+01          9.313e-06
  1.960e+01          8.792e-06
  1.961e+01          8.328e-06
  1.962e+01          8.081e-06
  1.963e+01          8.307e-06
  1.964e+01          8.549e-06
  1.965e+01          8.709e-06
  1.966e+01          8.808e-06
  1.967e+01          8.835e-06
  1.968e+01          8.828e-06
  1.969e+01          8.788e-06
  1.970e+01          8.735e-06
  1.971e+01          8.691e-06
  1.972e+01          8.632e-06
  1.973e+01          8.579e-06
  1.974e+01          8.528e-06
  1.975e+01          8.486e-06
  1.976e+01          8.429e-06
  1.977e+01          8.366e-06
  1.978e+01          8.291e-06
  1.979e+01          8.215e-06
  1.980e+01          8.125e-06
  1.981e+01          8.015e-06
  1.982e+01          7.920e-06
  1.983e+01          7.832e-06
  1.984e+01          7.765e-06
  1.985e+01          7.728e-06
  1.986e+01          7.710e-06
  1.987e+01          7.712e-06
  1.988e+01          7.706e-06
  1.989e+01          7.717e-06
  1.990e+01          7.702e-06
  1.991e+01          7.683e-06
  1.992e+01          7.634e-06
  1.993e+01          7.521e-06
  1.994e+01          7.333e-06
  1.995e+01          6.956e-06
  1.996e+01          6.484e-06
  1.997e+01          6.841e-06
  1.998e+01          7.396e-06
  1.999e+01          7.799e-06
  2.000e+01          7.974e-06
  2.001e+01          7.561e-06
  2.002e+01          6.909e-06
  2.003e+01          6.520e-06
  2.004e+01          6.468e-06
  2.005e+01          6.425e-06
  2.006e+01          6.372e-06
  2.007e+01          6.319e-06
  2.008e+01          6.265e-06
  2.009e+01          6.221e-06
  2.010e+01          6.177e-06
  2.011e+01          6.131e-06
  2.012e+01          6.414e-06
  2.013e+01          6.862e-06
  2.014e+01          7.053e-06
  2.015e+01          7.147e-06
  2.016e+01          7.161e-06
  2.017e+01          7.143e-06
  2.018e+01          7.109e-06
  2.019e+01          7.074e-06
  2.020e+01          7.004e-06
  2.021e+01          6.901e-06
  2.022e+01          6.787e-06
  2.023e+01          6.679e-06
  2.024e+01          6.546e-06
  2.025e+01          6.381e-06
  2.026e+01          6.189e-06
  2.027e+01          5.892e-06
  2.028e+01          5.606e-06
  2.029e+01          5.986e-06
  2.030e+01          6.187e-06
  2.031e+01          6.274e-06
  2.032e+01          6.314e-06
  2.033e+01          6.304e-06
  2.034e+01          6.276e-06
  2.035e+01          6.251e-06
  2.036e+01          6.183e-06
  2.037e+01          5.994e-06
  2.038e+01          5.283e-06
  2.039e+01          5.051e-06
  2.040e+01          5.023e-06
  2.041e+01          4.995e-06
  2.042e+01          4.968e-06
  2.043e+01          4.963e-06
  2.044e+01          5.602e-06
  2.045e+01          5.740e-06
  2.046e+01          5.773e-06
  2.047e+01          5.793e-06
  2.048e+01          5.814e-06
  2.049e+01          5.833e-06
  2.050e+01          5.844e-06
  2.051e+01          5.847e-06
  2.052e+01          5.869e-06
  2.053e+01          5.860e-06
  2.054e+01          5.783e-06
  2.055e+01          5.698e-06
  2.056e+01          5.604e-06
  2.057e+01          5.476e-06
  2.058e+01          5.265e-06
  2.059e+01          4.602e-06
  2.060e+01          4.824e-06
  2.061e+01          4.820e-06
  2.062e+01          4.827e-06
  2.063e+01          4.814e-06
  2.064e+01          4.812e-06
  2.065e+01          4.810e-06
  2.066e+01          4.809e-06
  2.067e+01          4.808e-06
  2.068e+01          5.591e-06
  2.069e+01          5.855e-06
  2.070e+01          5.952e-06
  2.071e+01          5.970e-06
  2.072e+01          5.928e-06
  2.073e+01          5.881e-06
  2.074e+01          5.845e-06
  2.075e+01          5.807e-06
  2.076e+01          5.776e-06
  2.077e+01          5.734e-06
  2.078e+01          5.687e-06
  2.079e+01          5.713e-06
  2.080e+01          5.762e-06
  2.081e+01          5.803e-06
  2.082e+01          5.859e-06
  2.083e+01          5.857e-06
  2.084e+01          5.784e-06
  2.085e+01          5.695e-06
  2.086e+01          5.573e-06
  2.087e+01          5.433e-06
  2.088e+01          5.443e-06
  2.089e+01          5.546e-06
  2.090e+01          5.597e-06
  2.091e+01          5.640e-06
  2.092e+01          5.640e-06
  2.093e+01          5.576e-06
  2.094e+01          5.487e-06
  2.095e+01          5.402e-06
  2.096e+01          5.249e-06
  2.097e+01          4.847e-06
  2.098e+01          4.589e-06
  2.099e+01          4.573e-06
  2.100e+01          4.568e-06
  2.101e+01          4.562e-06
  2.102e+01          4.547e-06
  2.103e+01          4.999e-06
  2.104e+01          5.350e-06
  2.105e+01          5.500e-06
  2.106e+01          5.582e-06
  2.107e+01          5.636e-06
  2.108e+01          5.704e-06
  2.109e+01          5.719e-06
  2.110e+01          5.654e-06
  2.111e+01          5.531e-06
  2.112e+01          5.372e-06
  2.113e+01          5.079e-06
  2.114e+01          4.419e-06
  2.115e+01          4.412e-06
  2.116e+01          4.406e-06
  2.117e+01          4.397e-06
  2.118e+01          4.380e-06
  2.119e+01          4.371e-06
  2.120e+01          4.363e-06
  2.121e+01          4.345e-06
  2.122e+01          4.336e-06
  2.123e+01          4.328e-06
  2.124e+01          4.319e-06
  2.125e+01          4.300e-06
  2.126e+01          4.303e-06
  2.127e+01          4.306e-06
  2.128e+01          4.260e-06
  2.129e+01          4.779e-06
  2.130e+01          4.994e-06
  2.131e+01          5.106e-06
  2.132e+01          5.134e-06
  2.133e+01          5.096e-06
  2.134e+01          4.978e-06
  2.135e+01          4.780e-06
  2.136e+01          4.745e-06
  2.137e+01          4.987e-06
  2.138e+01          5.196e-06
  2.139e+01          5.359e-06
  2.140e+01          5.487e-06
  2.141e+01          5.501e-06
  2.142e+01          5.400e-06
  2.143e+01          5.228e-06
  2.144e+01          4.808e-06
  2.145e+01          4.260e-06
  2.146e+01          4.265e-06
  2.147e+01          4.744e-06
  2.148e+01          5.124e-06
  2.149e+01          5.362e-06
  2.150e+01          5.470e-06
  2.151e+01          5.347e-06
  2.152e+01          4.879e-06
  2.153e+01          4.255e-06
  2.154e+01          4.259e-06
  2.155e+01          4.251e-06
  2.156e+01          4.250e-06
  2.157e+01          5.252e-06
  2.158e+01          5.566e-06
  2.159e+01          5.724e-06
  2.160e+01          5.765e-06
  2.161e+01          5.685e-06
  2.162e+01          5.550e-06
  2.163e+01          5.400e-06
  2.164e+01          5.255e-06
  2.165e+01          5.154e-06
  2.166e+01          5.155e-06
  2.167e+01          5.132e-06
  2.168e+01          5.133e-06
  2.169e+01          5.272e-06
  2.170e+01          5.456e-06
  2.171e+01          5.619e-06
  2.172e+01          5.774e-06
  2.173e+01          5.871e-06
  2.174e+01          5.841e-06
  2.175e+01          5.735e-06
  2.176e+01          5.570e-06
  2.177e+01          5.254e-06
  2.178e+01          4.760e-06
  2.179e+01          4.875e-06
  2.180e+01          5.154e-06
  2.181e+01          5.300e-06
  2.182e+01          5.470e-06
  2.183e+01          5.514e-06
  2.184e+01          5.264e-06
  2.185e+01          4.364e-06
  2.186e+01          4.113e-06
  2.187e+01          4.113e-06
  2.188e+01          4.095e-06
  2.189e+01          4.096e-06
  2.190e+01          4.097e-06
  2.191e+01          4.087e-06
  2.192e+01          4.079e-06
  2.193e+01          4.068e-06
  2.194e+01          4.069e-06
  2.195e+01          4.050e-06
  2.196e+01          4.051e-06
  2.197e+01          4.033e-06
  2.198e+01          4.928e-06
  2.199e+01          5.337e-06
  2.200e+01          5.583e-06
  2.201e+01          5.774e-06
  2.202e+01          5.853e-06
  2.203e+01          5.843e-06
  2.204e+01          5.786e-06
  2.205e+01          5.682e-06
  2.206e+01          5.565e-06
  2.207e+01          5.517e-06
  2.208e+01          5.560e-06
  2.209e+01          5.625e-06
  2.210e+01          5.695e-06
  2.211e+01          5.787e-06
  2.212e+01          5.772e-06
  2.213e+01          5.606e-06
  2.214e+01          5.359e-06
  2.215e+01          5.033e-06
  2.216e+01          4.437e-06
  2.217e+01          3.644e-06
  2.218e+01          3.626e-06
  2.219e+01          3.601e-06
  2.220e+01          3.584e-06
  2.221e+01          3.567e-06
  2.222e+01          3.549e-06
  2.223e+01          3.532e-06
  2.224e+01          3.508e-06
  2.225e+01          3.491e-06
  2.226e+01          3.484e-06
  2.227e+01          3.469e-06
  2.228e+01          3.454e-06
  2.229e+01          3.438e-06
  2.230e+01          3.720e-06
  2.231e+01          4.893e-06
  2.232e+01          5.341e-06
  2.233e+01          5.607e-06
  2.234e+01          5.815e-06
  2.235e+01          6.025e-06
  2.236e+01          6.177e-06
  2.237e+01          6.143e-06
  2.238e+01          5.950e-06
  2.239e+01          5.564e-06
  2.240e+01          4.639e-06
  2.241e+01          3.357e-06
  2.242e+01          3.354e-06
  2.243e+01          3.360e-06
  2.244e+01          3.362e-06
  2.245e+01          3.941e-06
  2.246e+01          4.811e-06
  2.247e+01          4.878e-06
  2.248e+01          4.278e-06
  2.249e+01          3.373e-06
  2.250e+01          3.381e-06
  2.251e+01          3.367e-06
  2.252e+01          3.376e-06
  2.253e+01          3.375e-06
  2.254e+01          3.377e-06
  2.255e+01          3.389e-06
  2.256e+01          3.402e-06
  2.257e+01          3.423e-06
  2.258e+01          3.434e-06
  2.259e+01          3.448e-06
  2.260e+01          3.462e-06
  2.261e+01          3.476e-06
  2.262e+01          3.496e-06
  2.263e+01          3.510e-06
  2.264e+01          3.540e-06
  2.265e+01          3.548e-06
  2.266e+01          3.562e-06
  2.267e+01          3.576e-06
  2.268e+01          3.591e-06
  2.269e+01          3.614e-06
  2.270e+01          3.622e-06
  2.271e+01          3.637e-06
  2.272e+01          3.660e-06
  2.273e+01          3.675e-06
  2.274e+01          3.692e-06
  2.275e+01          3.707e-06
  2.276e+01          3.706e-06
  2.277e+01          3.721e-06
  2.278e+01          3.730e-06
  2.279e+01          3.738e-06
  2.280e+01          3.747e-06
  2.281e+01          3.755e-06
  2.282e+01          3.771e-06
  2.283e+01          3.780e-06
  2.284e+01          3.790e-06
  2.285e+01          3.799e-06
  2.286e+01          3.815e-06
  2.287e+01          3.824e-06
  2.288e+01          3.844e-06
  2.289e+01          3.860e-06
  2.290e+01          3.864e-06
  2.291e+01          3.881e-06
  2.292e+01          3.900e-06
  2.293e+01          3.917e-06
  2.294e+01          3.929e-06
  2.295e+01          3.932e-06
  2.296e+01          3.934e-06
  2.297e+01          3.941e-06
  2.298e+01          3.937e-06
  2.299e+01          3.933e-06
  2.300e+01          3.950e-06
  2.301e+01          3.946e-06
  2.302e+01          4.705e-06
  2.303e+01          6.258e-06
  2.304e+01          5.918e-06
  2.305e+01          3.961e-06
  2.306e+01          3.959e-06
  2.307e+01          3.969e-06
  2.308e+01          3.968e-06
  2.309e+01          3.974e-06
  2.310e+01          3.981e-06
  2.311e+01          3.999e-06
  2.312e+01          4.006e-06
  2.313e+01          4.013e-06
  2.314e+01          4.028e-06
  2.315e+01          4.042e-06
  2.316e+01          6.853e-06
  2.317e+01          9.277e-06
  2.318e+01          1.098e-05
  2.319e+01          1.226e-05
  2.320e+01          1.270e-05
  2.321e+01          1.250e-05
  2.322e+01          1.209e-05
  2.323e+01          1.169e-05
  2.324e+01          1.118e-05
  2.325e+01          1.057e-05
  2.326e+01          1.008e-05
  2.327e+01          9.675e-06
  2.328e+01          9.119e-06
  2.329e+01          8.343e-06
  2.330e+01          7.323e-06
  2.331e+01          6.214e-06
  2.332e+01          5.297e-06
  2.333e+01          4.094e-06
  2.334e+01          4.410e-06
  2.335e+01          4.440e-06
  2.336e+01          4.467e-06
  2.337e+01          4.498e-06
  2.338e+01          4.518e-06
  2.339e+01          3.340e-06
  2.340e+01          5.078e-06
  2.341e+01          5.902e-06
  2.342e+01          6.329e-06
  2.343e+01          6.342e-06
  2.344e+01          6.252e-06
  2.345e+01          6.465e-06
  2.346e+01          6.289e-06
  2.347e+01          3.584e-06
  2.348e+01          4.790e-06
  2.349e+01          4.823e-06
  2.350e+01          4.849e-06
  2.351e+01          4.880e-06
  2.352e+01          4.912e-06
  2.353e+01          4.948e-06
  2.354e+01          4.984e-06
  2.355e+01          5.021e-06
  2.356e+01          5.051e-06
  2.357e+01          5.084e-06
  2.358e+01          5.120e-06
  2.359e+01          5.165e-06
  2.360e+01          5.209e-06
  2.361e+01          5.253e-06
  2.362e+01          5.297e-06
  2.363e+01          5.334e-06
  2.364e+01          5.381e-06
  2.365e+01          5.423e-06
  2.366e+01          5.469e-06
  2.367e+01          5.510e-06
  2.368e+01          5.560e-06
  2.369e+01          6.718e-06
  2.370e+01          9.059e-06
  2.371e+01          1.063e-05
  2.372e+01          1.193e-05
  2.373e+01          1.301e-05
  2.374e+01          1.373e-05
  2.375e+01          1.379e-05
  2.376e+01          1.245e-05
  2.377e+01          8.287e-06
  2.378e+01          6.062e-06
  2.379e+01          6.122e-06
  2.380e+01          6.189e-06
  2.381e+01          6.255e-06
  2.382e+01          6.326e-06
  2.383e+01          6.402e-06
  2.384e+01          1.106e-05
  2.385e+01          1.448e-05
  2.386e+01          1.614e-05
  2.387e+01          1.681e-05
  2.388e+01          1.680e-05
  2.389e+01          1.637e-05
  2.390e+01          1.605e-05
  2.391e+01          1.571e-05
  2.392e+01          1.469e-05
  2.393e+01          1.272e-05
  2.394e+01          9.466e-06
  2.395e+01          7.316e-06
  2.396e+01          7.397e-06
  2.397e+01          7.477e-06
  2.398e+01          7.557e-06
  2.399e+01          7.642e-06
  2.400e+01          4.201e-06
  2.401e+01          1.293e-05
  2.402e+01          1.673e-05
  2.403e+01          1.916e-05
  2.404e+01          1.979e-05
  2.405e+01          1.911e-05
  2.406e+01          1.840e-05
  2.407e+01          1.796e-05
  2.408e+01          1.747e-05
  2.409e+01          1.691e-05
  2.410e+01          1.654e-05
  2.411e+01          1.648e-05
  2.412e+01          1.635e-05
  2.413e+01          1.622e-05
  2.414e+01          1.606e-05
  2.415e+01          1.612e-05
  2.416e+01          1.638e-05
  2.417e+01          1.694e-05
  2.418e+01          1.760e-05
  2.419e+01          1.822e-05
  2.420e+01          1.832e-05
  2.421e+01          1.773e-05
  2.422e+01          1.592e-05
  2.423e+01          1.155e-05
  2.424e+01          9.692e-06
  2.425e+01          9.833e-06
  2.426e+01          9.940e-06
  2.427e+01          1.008e-05
  2.428e+01          1.018e-05
  2.429e+01          1.033e-05
  2.430e+01          1.047e-05
  2.431e+01          1.532e-05
  2.432e+01          1.872e-05
  2.433e+01          1.996e-05
  2.434e+01          2.002e-05
  2.435e+01          1.959e-05
  2.436e+01          1.889e-05
  2.437e+01          1.796e-05
  2.438e+01          1.719e-05
  2.439e+01          1.700e-05
  2.440e+01          1.739e-05
  2.441e+01          1.796e-05
  2.442e+01          1.840e-05
  2.443e+01          1.863e-05
  2.444e+01          1.899e-05
  2.445e+01          2.014e-05
  2.446e+01          2.185e-05
  2.447e+01          2.346e-05
  2.448e+01          2.486e-05
  2.449e+01          2.629e-05
  2.450e+01          2.759e-05
  2.451e+01          2.801e-05
  2.452e+01          2.723e-05
  2.453e+01          2.578e-05
  2.454e+01          2.439e-05
  2.455e+01          2.299e-05
  2.456e+01          2.123e-05
  2.457e+01          1.898e-05
  2.458e+01          1.631e-05
  2.459e+01          1.215e-05
  2.460e+01          1.657e-05
  2.461e+01          1.694e-05
  2.462e+01          1.726e-05
  2.463e+01          1.763e-05
  2.464e+01          8.451e-06
  2.465e+01          2.111e-05
  2.466e+01          2.795e-05
  2.467e+01          3.268e-05
  2.468e+01          3.568e-05
  2.469e+01          3.696e-05
  2.470e+01          3.688e-05
  2.471e+01          3.547e-05
  2.472e+01          3.307e-05
  2.473e+01          2.971e-05
  2.474e+01          2.624e-05
  2.475e+01          2.325e-05
  2.476e+01          2.144e-05
  2.477e+01          2.046e-05
  2.478e+01          1.979e-05
  2.479e+01          1.838e-05
  2.480e+01          1.663e-05
  2.481e+01          1.695e-05
  2.482e+01          2.002e-05
  2.483e+01          2.329e-05
  2.484e+01          2.621e-05
  2.485e+01          2.937e-05
  2.486e+01          3.313e-05
  2.487e+01          3.510e-05
  2.488e+01          3.362e-05
  2.489e+01          2.864e-05
  2.490e+01          2.149e-05
  2.491e+01          3.611e-06
  2.492e+01          4.674e-05
  2.493e+01          4.906e-05
  2.494e+01          5.196e-05
  2.495e+01          5.518e-05
  2.496e+01          5.883e-05
  2.497e+01          6.215e-05
  2.498e+01          6.592e-05
  2.499e+01          7.010e-05
  2.500e+01          7.440e-05
  2.501e+01          7.997e-05
  2.502e+01          8.519e-05
  2.503e+01          9.091e-05
  2.504e+01          9.713e-05
  2.505e+01          1.046e-04
  2.506e+01          1.103e-04
  2.507e+01          1.180e-04
  2.508e+01          1.258e-04
  2.509e+01          1.347e-04
  2.510e+01          1.432e-04
  2.511e+01          1.532e-04
  2.512e+01          2.696e-05
  2.513e+01          3.648e-05
  2.514e+01          4.109e-05
  2.515e+01          4.286e-05
  2.516e+01          4.228e-05
  2.517e+01          4.239e-05
  2.518e+01          4.968e-05
  2.519e+01          6.479e-05
  2.520e+01          8.182e-05
  2.521e+01          9.825e-05
  2.522e+01          1.148e-04
  2.523e+01          1.320e-04
  2.524e+01          1.466e-04
  2.525e+01          1.558e-04
  2.526e+01          1.599e-04
  2.527e+01          1.612e-04
  2.528e+01          1.625e-04
  2.529e+01          1.642e-04
  2.530e+01          1.661e-04
  2.531e+01          1.666e-04
  2.532e+01          1.621e-04
  2.533e+01          1.532e-04
  2.534e+01          1.433e-04
  2.535e+01          1.326e-04
  2.536e+01          1.181e-04
  2.537e+01          1.012e-04
  2.538e+01          9.522e-05
  2.539e+01          1.098e-04
  2.540e+01          1.297e-04
  2.541e+01          1.443e-04
  2.542e+01          1.541e-04
  2.543e+01          1.624e-04
  2.544e+01          1.712e-04
  2.545e+01          1.811e-04
  2.546e+01          1.915e-04
  2.547e+01          2.009e-04
  2.548e+01          2.085e-04
  2.549e+01          2.145e-04
  2.550e+01          2.198e-04
  2.551e+01          2.252e-04
  2.552e+01          2.287e-04
  2.553e+01          2.323e-04
  2.554e+01          2.354e-04
  2.555e+01          2.373e-04
  2.556e+01          2.390e-04
  2.557e+01          2.385e-04
  2.558e+01          2.370e-04
  2.559e+01          2.341e-04
  2.560e+01          2.301e-04
  2.561e+01          2.263e-04
  2.562e+01          2.230e-04
  2.563e+01          2.201e-04
  2.564e+01          2.173e-04
  2.565e+01          2.145e-04
  2.566e+01          2.121e-04
  2.567e+01          2.095e-04
  2.568e+01          2.083e-04
  2.569e+01          2.068e-04
  2.570e+01          2.039e-04
  2.571e+01          1.978e-04
  2.572e+01          1.900e-04
  2.573e+01          1.823e-04
  2.574e+01          1.745e-04
  2.575e+01          1.664e-04
  2.576e+01          1.577e-04
  2.577e+01          1.526e-04
  2.578e+01          1.534e-04
  2.579e+01          1.566e-04
  2.580e+01          1.590e-04
  2.581e+01          1.603e-04
  2.582e+01          1.622e-04
  2.583e+01          1.640e-04
  2.584e+01          1.649e-04
  2.585e+01          1.641e-04
  2.586e+01          1.624e-04
  2.587e+01          1.612e-04
  2.588e+01          1.603e-04
  2.589e+01          1.590e-04
  2.590e+01          1.580e-04
  2.591e+01          1.561e-04
  2.592e+01          1.532e-04
  2.593e+01          1.499e-04
  2.594e+01          1.468e-04
  2.595e+01          1.434e-04
  2.596e+01          1.405e-04
  2.597e+01          1.384e-04
  2.598e+01          1.368e-04
  2.599e+01          1.363e-04
  2.600e+01          1.359e-04
  2.601e+01          1.351e-04
  2.602e+01          1.348e-04
  2.603e+01          1.352e-04
  2.604e+01          1.360e-04
  2.605e+01          1.376e-04
  2.606e+01          1.395e-04
  2.607e+01          1.421e-04
  2.608e+01          1.459e-04
  2.609e+01          1.487e-04
  2.610e+01          1.499e-04
  2.611e+01          1.483e-04
  2.612e+01          1.448e-04
  2.613e+01          1.404e-04
  2.614e+01          1.350e-04
  2.615e+01          1.293e-04
  2.616e+01          1.234e-04
  2.617e+01          1.176e-04
  2.618e+01          1.124e-04
  2.619e+01          1.079e-04
  2.620e+01          1.035e-04
  2.621e+01          9.912e-05
  2.622e+01          9.294e-05
  2.623e+01          8.551e-05
  2.624e+01          8.050e-05
  2.625e+01          8.171e-05
  2.626e+01          8.775e-05
  2.627e+01          9.408e-05
  2.628e+01          9.870e-05
  2.629e+01          1.033e-04
  2.630e+01          1.083e-04
  2.631e+01          1.126e-04
  2.632e+01          1.146e-04
  2.633e+01          1.145e-04
  2.634e+01          1.144e-04
  2.635e+01          1.143e-04
  2.636e+01          1.147e-04
  2.637e+01          1.151e-04
  2.638e+01          1.146e-04
  2.639e+01          1.159e-04
  2.640e+01          1.174e-04
  2.641e+01          1.198e-04
  2.642e+01          1.213e-04
  2.643e+01          1.227e-04
  2.644e+01          1.240e-04
  2.645e+01          1.234e-04
  2.646e+01          1.210e-04
  2.647e+01          1.159e-04
  2.648e+01          1.084e-04
  2.649e+01          9.937e-05
  2.650e+01          9.015e-05
  2.651e+01          7.990e-05
  2.652e+01          6.808e-05
  2.653e+01          5.401e-05
  2.654e+01          3.567e-05
  2.655e+01          1.431e-04
  2.656e+01          1.440e-04
  2.657e+01          1.454e-04
  2.658e+01          1.470e-04
  2.659e+01          1.486e-04
  2.660e+01          1.493e-04
  2.661e+01          1.501e-04
  2.662e+01          1.517e-04
  2.663e+01          1.531e-04
  2.664e+01          1.539e-04
  2.665e+01          1.555e-04
  2.666e+01          3.130e-05
  2.667e+01          3.961e-05
  2.668e+01          4.305e-05
  2.669e+01          4.503e-05
  2.670e+01          4.688e-05
  2.671e+01          4.966e-05
  2.672e+01          5.281e-05
  2.673e+01          5.381e-05
  2.674e+01          5.032e-05
  2.675e+01          4.215e-05
  2.676e+01          3.085e-05
  2.677e+01          1.481e-05
  2.678e+01          1.502e-04
  2.679e+01          1.495e-04
  2.680e+01          1.496e-04
  2.681e+01          1.489e-04
  2.682e+01          1.482e-04
  2.683e+01          1.469e-04
  2.684e+01          1.447e-04
  2.685e+01          1.432e-04
  2.686e+01          1.410e-04
  2.687e+01          1.395e-04
  2.688e+01          1.375e-04
  2.689e+01          2.087e-05
  2.690e+01          3.136e-05
  2.691e+01          3.879e-05
  2.692e+01          4.424e-05
  2.693e+01          4.863e-05
  2.694e+01          5.280e-05
  2.695e+01          5.690e-05
  2.696e+01          6.116e-05
  2.697e+01          6.552e-05
  2.698e+01          6.965e-05
  2.699e+01          7.350e-05
  2.700e+01          7.636e-05
  2.701e+01          7.695e-05
  2.702e+01          7.712e-05
  2.703e+01          7.623e-05
  2.704e+01          7.465e-05
  2.705e+01          7.274e-05
  2.706e+01          7.062e-05
  2.707e+01          6.857e-05
  2.708e+01          6.658e-05
  2.709e+01          6.454e-05
  2.710e+01          6.243e-05
  2.711e+01          6.038e-05
  2.712e+01          5.827e-05
  2.713e+01          5.620e-05
  2.714e+01          5.419e-05
  2.715e+01          5.214e-05
  2.716e+01          5.009e-05
  2.717e+01          4.802e-05
  2.718e+01          4.407e-05
  2.719e+01          3.938e-05
  2.720e+01          3.517e-05
  2.721e+01          3.140e-05
  2.722e+01          2.789e-05
  2.723e+01          2.474e-05
  2.724e+01          2.207e-05
  2.725e+01          1.993e-05
  2.726e+01          1.815e-05
  2.727e+01          1.660e-05
  2.728e+01          1.512e-05
  2.729e+01          1.373e-05
  2.730e+01          1.241e-05
  2.731e+01          1.122e-05
  2.732e+01          1.018e-05
  2.733e+01          9.200e-06
  2.734e+01          8.292e-06
  2.735e+01          7.485e-06
  2.736e+01          6.693e-06
  2.737e+01          5.949e-06
  2.738e+01          5.282e-06
  2.739e+01          4.687e-06
  2.740e+01          4.167e-06
  2.741e+01          3.730e-06
  2.742e+01          3.331e-06
  2.743e+01          2.974e-06
  2.744e+01          2.652e-06
  2.745e+01          2.354e-06
  2.746e+01          2.083e-06
  2.747e+01          1.843e-06
  2.748e+01          1.616e-06
  2.749e+01          1.416e-06
  2.750e+01          1.236e-06
  2.751e+01          1.077e-06
  2.752e+01          9.399e-07
  2.753e+01          8.220e-07
  2.754e+01          7.742e-07
  2.755e+01          7.511e-07
  2.756e+01          7.277e-07
  2.757e+01          7.104e-07
  2.758e+01          6.943e-07
  2.759e+01          6.761e-07
  2.760e+01          6.616e-07
  2.761e+01          6.404e-07
  2.762e+01          6.202e-07
  2.763e+01          6.004e-07
  2.764e+01          5.793e-07
  2.765e+01          5.556e-07
  2.766e+01          5.336e-07
  2.767e+01          5.129e-07
  2.768e+01          4.934e-07
  2.769e+01          4.740e-07
  2.770e+01          4.536e-07
  2.771e+01          4.350e-07
  2.772e+01          4.351e-07
  2.773e+01          4.617e-07
  2.774e+01          4.902e-07
  2.775e+01          5.211e-07
  2.776e+01          5.515e-07
  2.777e+01          5.863e-07
  2.778e+01          6.224e-07
  2.779e+01          6.602e-07
  2.780e+01          7.013e-07
  2.781e+01          7.463e-07
  2.782e+01          7.895e-07
  2.783e+01          8.383e-07
  2.784e+01          8.922e-07
  2.785e+01          9.469e-07
  2.786e+01          1.006e-06
  2.787e+01          1.075e-06
  2.788e+01          1.148e-06
  2.789e+01          1.234e-06
  2.790e+01          1.312e-06
  2.791e+01          1.410e-06
  2.792e+01          1.516e-06
  2.793e+01          1.629e-06
  2.794e+01          1.741e-06
  2.795e+01          1.864e-06
  2.796e+01          1.989e-06
  2.797e+01          2.116e-06
  2.798e+01          2.268e-06
  2.799e+01          2.420e-06
  2.800e+01          2.563e-06
  2.805e+01          2.807e-06
  2.810e+01          3.637e-06
  2.815e+01          4.272e-06
  2.820e+01          5.019e-06
  2.825e+01          5.905e-06
  2.830e+01          6.525e-06
  2.835e+01          6.691e-06
  2.840e+01          6.822e-06
  2.845e+01          7.801e-06
  2.850e+01          8.414e-06
  2.855e+01          8.628e-06
