## Average spectral response curve (electrons/photon - microns) for IRAC3 array
#        Wave  Spectral_Response
  4.74421e+00        9.10000e-05
  4.74856e+00        8.90000e-05
  4.75291e+00        8.20000e-05
  4.75727e+00        7.30000e-05
  4.76164e+00        6.70000e-05
  4.76601e+00        7.10000e-05
  4.77040e+00        8.00000e-05
  4.77479e+00        7.70000e-05
  4.77919e+00        7.60000e-05
  4.78360e+00        8.40000e-05
  4.78802e+00        7.80000e-05
  4.79244e+00        5.90000e-05
  4.79688e+00        5.80000e-05
  4.80132e+00        6.40000e-05
  4.80577e+00        6.40000e-05
  4.81023e+00        5.90000e-05
  4.81469e+00        6.20000e-05
  4.81917e+00        7.40000e-05
  4.82365e+00        7.90000e-05
  4.82814e+00        7.40000e-05
  4.83264e+00        5.70000e-05
  4.83715e+00        5.70000e-05
  4.84166e+00        7.10000e-05
  4.84619e+00        8.70000e-05
  4.85072e+00        1.08000e-04
  4.85527e+00        1.28000e-04
  4.85982e+00        1.46000e-04
  4.86437e+00        1.82000e-04
  4.86894e+00        2.49000e-04
  4.87352e+00        3.19000e-04
  4.87810e+00        3.30000e-04
  4.88270e+00        4.27000e-04
  4.88730e+00        5.24000e-04
  4.89191e+00        7.16000e-04
  4.89653e+00        1.19200e-03
  4.90116e+00        1.79900e-03
  4.90579e+00        2.63500e-03
  4.91044e+00        3.61100e-03
  4.91509e+00        4.62500e-03
  4.91976e+00        5.84900e-03
  4.92443e+00        7.20300e-03
  4.92911e+00        8.56900e-03
  4.93380e+00        1.05200e-02
  4.93850e+00        1.29500e-02
  4.94321e+00        1.59100e-02
  4.94792e+00        1.93300e-02
  4.95265e+00        2.24300e-02
  4.95738e+00        2.60500e-02
  4.96213e+00        2.95800e-02
  4.96688e+00        3.29800e-02
  4.97164e+00        3.63700e-02
  4.97641e+00        3.98900e-02
  4.98119e+00        4.35900e-02
  4.98598e+00        4.73400e-02
  4.99078e+00        5.10200e-02
  4.99559e+00        5.54700e-02
  5.00041e+00        5.86700e-02
  5.00523e+00        6.25600e-02
  5.01007e+00        6.59200e-02
  5.01492e+00        6.87300e-02
  5.01977e+00        7.09200e-02
  5.02463e+00        7.30900e-02
  5.02951e+00        7.45200e-02
  5.03439e+00        7.60200e-02
  5.03928e+00        7.74100e-02
  5.04419e+00        7.85200e-02
  5.04910e+00        7.99000e-02
  5.05402e+00        8.10200e-02
  5.05895e+00        8.23700e-02
  5.06389e+00        8.38300e-02
  5.06884e+00        8.53300e-02
  5.07380e+00        8.70400e-02
  5.07877e+00        8.92500e-02
  5.08375e+00        9.11200e-02
  5.08874e+00        9.33400e-02
  5.09374e+00        9.54700e-02
  5.09874e+00        9.70500e-02
  5.10376e+00        9.81500e-02
  5.10879e+00        9.92300e-02
  5.11383e+00        1.00200e-01
  5.11888e+00        1.00900e-01
  5.12394e+00        1.01700e-01
  5.12900e+00        1.02400e-01
  5.13408e+00        1.02900e-01
  5.13917e+00        1.03400e-01
  5.14427e+00        1.03700e-01
  5.14938e+00        1.03800e-01
  5.15450e+00        1.03800e-01
  5.15963e+00        1.03900e-01
  5.16476e+00        1.04000e-01
  5.16991e+00        1.04300e-01
  5.17507e+00        1.04800e-01
  5.18024e+00        1.05300e-01
  5.18542e+00        1.05900e-01
  5.19061e+00        1.06600e-01
  5.19581e+00        1.07200e-01
  5.20103e+00        1.08000e-01
  5.20625e+00        1.08800e-01
  5.21148e+00        1.09500e-01
  5.21672e+00        1.10200e-01
  5.22198e+00        1.10900e-01
  5.22724e+00        1.11500e-01
  5.23252e+00        1.12100e-01
  5.23780e+00        1.12700e-01
  5.24310e+00        1.12900e-01
  5.24840e+00        1.12900e-01
  5.25372e+00        1.12300e-01
  5.25905e+00        1.11600e-01
  5.26439e+00        1.11000e-01
  5.26974e+00        1.10200e-01
  5.27510e+00        1.09500e-01
  5.28047e+00        1.09200e-01
  5.28585e+00        1.09300e-01
  5.29125e+00        1.09900e-01
  5.29665e+00        1.10600e-01
  5.30207e+00        1.11100e-01
  5.30750e+00        1.11900e-01
  5.31293e+00        1.12600e-01
  5.31838e+00        1.13500e-01
  5.32384e+00        1.14500e-01
  5.32931e+00        1.15600e-01
  5.33480e+00        1.16500e-01
  5.34029e+00        1.17600e-01
  5.34580e+00        1.18600e-01
  5.35131e+00        1.19500e-01
  5.35684e+00        1.20300e-01
  5.36238e+00        1.21000e-01
  5.36793e+00        1.21600e-01
  5.37350e+00        1.22200e-01
  5.37907e+00        1.22700e-01
  5.38466e+00        1.22900e-01
  5.39025e+00        1.22900e-01
  5.39586e+00        1.22900e-01
  5.40148e+00        1.22800e-01
  5.40711e+00        1.22600e-01
  5.41276e+00        1.22500e-01
  5.41842e+00        1.22100e-01
  5.42408e+00        1.22000e-01
  5.42976e+00        1.21900e-01
  5.43545e+00        1.21700e-01
  5.44116e+00        1.21700e-01
  5.44687e+00        1.21600e-01
  5.45260e+00        1.21700e-01
  5.45834e+00        1.21800e-01
  5.46409e+00        1.21900e-01
  5.46986e+00        1.21800e-01
  5.47563e+00        1.21900e-01
  5.48142e+00        1.21800e-01
  5.48722e+00        1.21900e-01
  5.49303e+00        1.21700e-01
  5.49886e+00        1.21700e-01
  5.50470e+00        1.21800e-01
  5.51055e+00        1.22000e-01
  5.51641e+00        1.22600e-01
  5.52228e+00        1.23200e-01
  5.52817e+00        1.23900e-01
  5.53407e+00        1.24500e-01
  5.53998e+00        1.25300e-01
  5.54591e+00        1.26100e-01
  5.55184e+00        1.26800e-01
  5.55780e+00        1.27500e-01
  5.56376e+00        1.28200e-01
  5.56973e+00        1.28900e-01
  5.57572e+00        1.29600e-01
  5.58173e+00        1.29600e-01
  5.58774e+00        1.29400e-01
  5.59377e+00        1.29200e-01
  5.59981e+00        1.28900e-01
  5.60586e+00        1.28800e-01
  5.61193e+00        1.28800e-01
  5.61801e+00        1.29000e-01
  5.62410e+00        1.29600e-01
  5.63021e+00        1.30300e-01
  5.63633e+00        1.31100e-01
  5.64246e+00        1.31800e-01
  5.64861e+00        1.32400e-01
  5.65477e+00        1.33000e-01
  5.66094e+00        1.33500e-01
  5.66713e+00        1.34000e-01
  5.67333e+00        1.34400e-01
  5.67954e+00        1.34300e-01
  5.68577e+00        1.34200e-01
  5.69201e+00        1.34100e-01
  5.69827e+00        1.34100e-01
  5.70454e+00        1.34300e-01
  5.71082e+00        1.34900e-01
  5.71711e+00        1.35400e-01
  5.72343e+00        1.35900e-01
  5.72975e+00        1.36400e-01
  5.73609e+00        1.36800e-01
  5.74244e+00        1.37000e-01
  5.74881e+00        1.37400e-01
  5.75519e+00        1.37600e-01
  5.76158e+00        1.37400e-01
  5.76799e+00        1.36600e-01
  5.77441e+00        1.36000e-01
  5.78085e+00        1.35200e-01
  5.78730e+00        1.34800e-01
  5.79377e+00        1.34800e-01
  5.80025e+00        1.35300e-01
  5.80674e+00        1.35800e-01
  5.81325e+00        1.36300e-01
  5.81978e+00        1.37000e-01
  5.82632e+00        1.37600e-01
  5.83287e+00        1.38100e-01
  5.83944e+00        1.38600e-01
  5.84602e+00        1.39000e-01
  5.85262e+00        1.39300e-01
  5.85924e+00        1.39700e-01
  5.86586e+00        1.39600e-01
  5.87251e+00        1.39700e-01
  5.87916e+00        1.39700e-01
  5.88584e+00        1.39700e-01
  5.89253e+00        1.39800e-01
  5.89923e+00        1.40100e-01
  5.90595e+00        1.40300e-01
  5.91268e+00        1.40600e-01
  5.91943e+00        1.40900e-01
  5.92620e+00        1.41300e-01
  5.93298e+00        1.41600e-01
  5.93977e+00        1.41700e-01
  5.94659e+00        1.41900e-01
  5.95341e+00        1.42000e-01
  5.96026e+00        1.42000e-01
  5.96712e+00        1.42100e-01
  5.97399e+00        1.42000e-01
  5.98088e+00        1.42000e-01
  5.98779e+00        1.42100e-01
  5.99471e+00        1.42000e-01
  6.00165e+00        1.41900e-01
  6.00860e+00        1.41600e-01
  6.01557e+00        1.41500e-01
  6.02256e+00        1.41500e-01
  6.02956e+00        1.41700e-01
  6.03658e+00        1.41700e-01
  6.04362e+00        1.41800e-01
  6.05067e+00        1.41900e-01
  6.05774e+00        1.41900e-01
  6.06482e+00        1.41800e-01
  6.07192e+00        1.42000e-01
  6.07904e+00        1.42000e-01
  6.08618e+00        1.41600e-01
  6.09333e+00        1.41000e-01
  6.10050e+00        1.40100e-01
  6.10768e+00        1.39200e-01
  6.11489e+00        1.38200e-01
  6.12211e+00        1.37400e-01
  6.12934e+00        1.36800e-01
  6.13660e+00        1.36100e-01
  6.14387e+00        1.35700e-01
  6.15115e+00        1.35400e-01
  6.15846e+00        1.35200e-01
  6.16578e+00        1.35200e-01
  6.17312e+00        1.35000e-01
  6.18048e+00        1.34700e-01
  6.18786e+00        1.34700e-01
  6.19525e+00        1.34100e-01
  6.20266e+00        1.33300e-01
  6.21009e+00        1.32300e-01
  6.21753e+00        1.30900e-01
  6.22500e+00        1.29200e-01
  6.23248e+00        1.27800e-01
  6.23998e+00        1.26300e-01
  6.24750e+00        1.25300e-01
  6.25503e+00        1.24900e-01
  6.26259e+00        1.24500e-01
  6.27016e+00        1.24400e-01
  6.27775e+00        1.24600e-01
  6.28536e+00        1.24800e-01
  6.29299e+00        1.25100e-01
  6.30064e+00        1.25400e-01
  6.30830e+00        1.25200e-01
  6.31598e+00        1.25000e-01
  6.32369e+00        1.23500e-01
  6.33141e+00        1.22300e-01
  6.33915e+00        1.20000e-01
  6.34691e+00        1.17600e-01
  6.35469e+00        1.14800e-01
  6.36248e+00        1.09300e-01
  6.37030e+00        1.03600e-01
  6.37813e+00        9.72000e-02
  6.38599e+00        9.08300e-02
  6.39386e+00        8.46300e-02
  6.40176e+00        7.94000e-02
  6.40967e+00        7.25600e-02
  6.41760e+00        6.49800e-02
  6.42556e+00        5.79600e-02
  6.43353e+00        4.97200e-02
  6.44152e+00        4.14200e-02
  6.44953e+00        3.27600e-02
  6.45756e+00        2.55000e-02
  6.46561e+00        1.89900e-02
  6.47369e+00        1.33900e-02
  6.48178e+00        9.10900e-03
  6.48989e+00        5.78900e-03
  6.49802e+00        3.27200e-03
  6.50618e+00        1.72000e-03
  6.51435e+00        8.20000e-04
  6.52254e+00        3.71000e-04
  6.53076e+00        1.25000e-04
  6.53900e+00        6.10000e-05
  6.54725e+00        4.50000e-05
  6.55553e+00        3.00000e-05
  6.56383e+00        2.90000e-05
  6.57215e+00        2.60000e-05
  6.58049e+00        6.00000e-06
  6.58885e+00        1.20000e-05
  6.59723e+00        2.70000e-05
  6.60563e+00        3.20000e-05
  6.61406e+00        5.10000e-05
  6.62251e+00        6.50000e-05
