## Average spectral response curve (electrons/photon - microns) for WISE4 array
#           Wave  Spectral_Response
  2.61348997e+00     7.00299974e-17
  2.62381996e+00     1.52200002e-16
  2.63414995e+00     1.84399994e-13
  2.64447994e+00     9.99699997e-14
  2.65480993e+00     7.62499991e-15
  2.66513992e+00     3.11799987e-33
  2.67546991e+00     1.46155430e-42
  2.68579990e+00     5.62299980e-31
  2.69612989e+00     3.09800008e-31
  2.70645988e+00     3.17600001e-31
  2.71679012e+00     2.17999998e-29
  2.72712011e+00     1.78700003e-31
  2.73745010e+00     2.70000001e-29
  2.74778009e+00     2.24700007e-36
  2.75811008e+00     2.35900010e-15
  2.76844007e+00     3.20699993e-15
  2.77877006e+00     1.19900004e-14
  2.78910005e+00     1.20199998e-14
  2.79943004e+00     8.76500038e-15
  2.80976003e+00     1.95199996e-14
  2.82009002e+00     1.03499999e-13
  2.83042001e+00     7.12600009e-15
  2.84075000e+00     1.39300000e-15
  2.85107999e+00     4.98499991e-25
  2.86140998e+00     5.09099994e-16
  2.87173997e+00     9.94399994e-15
  2.88206996e+00     8.07000000e-16
  2.89239995e+00     1.14300002e-15
  2.90272994e+00     2.03999997e-16
  2.91305993e+00     5.71900002e-15
  2.92338992e+00     5.99200001e-15
  2.93371991e+00     4.62700014e-14
  2.94404990e+00     1.74099999e-14
  2.95437989e+00     5.68200010e-29
  2.96470988e+00     3.79700008e-29
  2.97504012e+00     6.83900027e-32
  2.98537011e+00     2.24000002e-15
  2.99570010e+00     1.12700004e-14
  3.00603009e+00     8.23300033e-14
  3.01636008e+00     1.13500001e-15
  3.02669007e+00     7.36400009e-14
  3.03702006e+00     6.40699990e-14
  3.04735005e+00     9.97999968e-14
  3.05768004e+00     1.15299997e-14
  3.06801003e+00     7.82299979e-15
  3.07834002e+00     7.04200005e-16
  3.08867001e+00     7.27100028e-15
  3.09900000e+00     4.59200007e-14
  3.10932999e+00     1.05200001e-14
  3.11965998e+00     2.54399990e-13
  3.12998997e+00     1.16900006e-13
  3.14031996e+00     1.28699999e-14
  3.15064995e+00     6.28799991e-14
  3.16097994e+00     4.58799991e-34
  3.17130993e+00     7.79900015e-27
  3.18163992e+00     2.49200001e-25
  3.19196991e+00     1.71099998e-25
  3.20229990e+00     7.61700027e-30
  3.21262989e+00     4.47200018e-28
  3.22295988e+00     1.12899999e-29
  3.23329012e+00     5.43000016e-37
  3.24362011e+00     1.11900000e-30
  3.25395010e+00     8.33400005e-16
  3.26428009e+00     1.48100001e-14
  3.27461008e+00     3.62300013e-14
  3.28494007e+00     3.96200000e-14
  3.29527006e+00     3.18400003e-15
  3.30560005e+00     4.85000012e-15
  3.31593004e+00     6.31700020e-16
  3.32626003e+00     1.50800000e-13
  3.33659002e+00     1.13099998e-14
  3.34692001e+00     1.41799997e-13
  3.35725000e+00     3.20700010e-13
  3.36757999e+00     1.92299993e-14
  3.37790998e+00     7.16900023e-14
  3.38823997e+00     1.06500002e-14
  3.39856996e+00     1.64299997e-14
  3.40889995e+00     2.74499987e-13
  3.41922994e+00     8.68299996e-15
  3.42955993e+00     1.32700003e-13
  3.43988992e+00     7.67699976e-30
  3.45021991e+00     1.09200004e-34
  3.46054990e+00     2.18400003e-32
  3.47087989e+00     1.88599359e-40
  3.48120988e+00     2.68500002e-29
  3.49154012e+00     1.03000002e-36
  3.50187011e+00     4.03100011e-38
  3.51220010e+00     3.13500010e-35
  3.52253009e+00     9.47500022e-33
  3.53286008e+00     3.35600010e-34
  3.54319007e+00     1.00000000e-30
  3.55352006e+00     9.76199966e-16
  3.56385005e+00     3.06100004e-15
  3.57418004e+00     8.83499992e-16
  3.58451003e+00     5.73999976e-16
  3.59484002e+00     5.49700003e-27
  3.60517001e+00     2.26100002e-33
  3.61550000e+00     3.02800002e-28
  3.62582999e+00     5.41199988e-27
  3.63615998e+00     1.67199999e-29
  3.64648997e+00     8.00099964e-24
  3.65681996e+00     1.51700000e-30
  3.66714995e+00     5.46299982e-26
  3.67747994e+00     1.27900001e-32
  3.68780993e+00     1.35399995e-15
  3.69813992e+00     3.86600000e-14
  3.70846991e+00     3.60000014e-15
  3.71879990e+00     1.93999995e-13
  3.72912989e+00     3.36999986e-14
  3.73945988e+00     8.35299982e-14
  3.74979012e+00     4.40099990e-14
  3.76012011e+00     2.86199998e-14
  3.77045010e+00     1.12899998e-13
  3.78078009e+00     3.56300005e-14
  3.79111008e+00     6.79300027e-14
  3.80144007e+00     3.57100010e-13
  3.81177006e+00     6.57700009e-14
  3.82210005e+00     3.80300006e-15
  3.83243004e+00     2.19499999e-14
  3.84276003e+00     8.08299994e-15
  3.85309002e+00     3.63899991e-14
  3.86342001e+00     2.00399999e-14
  3.87375000e+00     7.97999989e-15
  3.88407999e+00     7.01399989e-15
  3.89440998e+00     3.61199989e-14
  3.90473997e+00     1.25999996e-14
  3.91506996e+00     4.07699997e-14
  3.92539995e+00     2.72099997e-13
  3.93572994e+00     9.82500011e-14
  3.94605993e+00     8.63500013e-14
  3.95638992e+00     4.49500014e-15
  3.96671991e+00     1.04099997e-13
  3.97704990e+00     2.35000008e-13
  3.98737989e+00     4.29899985e-14
  3.99770988e+00     9.74199969e-14
  4.00804012e+00     2.21199998e-13
  4.01837011e+00     7.68400033e-14
  4.02870010e+00     1.50600005e-13
  4.03903009e+00     6.29899981e-14
  4.04936008e+00     8.50800008e-14
  4.05969007e+00     8.04000014e-14
  4.07002006e+00     2.33300006e-13
  4.08035005e+00     6.67099974e-14
  4.09068004e+00     1.14299995e-13
  4.10101003e+00     8.49599999e-14
  4.11134002e+00     4.52100007e-14
  4.12167001e+00     1.22999999e-13
  4.13200000e+00     2.35500002e-26
  4.14233024e+00     4.85099996e-33
  4.15265998e+00     6.73200019e-31
  4.16299022e+00     1.56700001e-36
  4.17331996e+00     1.86899995e-25
  4.18365020e+00     1.06200003e-36
  4.19397994e+00     3.26699989e-25
  4.20431018e+00     1.17999997e-30
  4.21463992e+00     1.67499992e-33
  4.22497016e+00     6.41799979e-30
  4.23529990e+00     9.45100016e-30
  4.24563014e+00     8.34300004e-32
  4.25595988e+00     3.18799999e-13
  4.26629012e+00     2.32100004e-14
  4.27661986e+00     5.44399974e-13
  4.28695010e+00     1.37400001e-14
  4.29727984e+00     3.26299995e-13
  4.30761008e+00     7.63099978e-13
  4.31793982e+00     1.42799997e-12
  4.32827006e+00     1.38999999e-12
  4.33859980e+00     3.02400012e-14
  4.34893004e+00     3.25800008e-14
  4.35925978e+00     5.38899979e-13
  4.36959002e+00     1.20700004e-30
  4.37991976e+00     1.86700002e-33
  4.39025000e+00     1.62200002e-28
  4.40058024e+00     6.21500000e-28
  4.41090998e+00     2.79399988e-26
  4.42124022e+00     1.46700002e-30
  4.43156996e+00     1.38699995e-27
  4.44190020e+00     2.03499993e-28
  4.45222994e+00     5.90199993e-25
  4.46256018e+00     1.19999996e-27
  4.47288992e+00     2.15200001e-36
  4.48322016e+00     1.41400001e-36
  4.49354990e+00     8.04599985e-14
  4.50388014e+00     1.82199999e-13
  4.51420988e+00     5.06300026e-13
  4.52454012e+00     3.47300009e-14
  4.53486986e+00     3.06499997e-13
  4.54520010e+00     3.93600002e-13
  4.55552984e+00     1.18699999e-13
  4.56586008e+00     1.03400003e-12
  4.57618982e+00     5.29500014e-14
  4.58652006e+00     2.86699999e-13
  4.59684980e+00     3.80300012e-13
  4.60718004e+00     1.65700000e-13
  4.61750978e+00     1.10500002e-13
  4.62784002e+00     3.28300009e-14
  4.63816976e+00     6.24800030e-14
  4.64850000e+00     5.16699991e-14
  4.65883024e+00     2.98500001e-14
  4.66915998e+00     6.41999983e-15
  4.67949022e+00     4.06299989e-29
  4.68981996e+00     1.16300002e-32
  4.70015020e+00     1.72300001e-15
  4.71047994e+00     5.46700001e-14
  4.72081018e+00     1.95099999e-13
  4.73113992e+00     2.22199998e-13
  4.74147016e+00     2.16700003e-13
  4.75179990e+00     4.68200023e-13
  4.76213014e+00     4.24899997e-13
  4.77245988e+00     1.31600004e-12
  4.78279012e+00     4.46600005e-13
  4.79311986e+00     1.21200001e-12
  4.80345010e+00     9.13000009e-14
  4.81377984e+00     9.37999966e-15
  4.82411008e+00     9.55200003e-14
  4.83443982e+00     5.17399979e-13
  4.84477006e+00     4.06599992e-13
  4.85509980e+00     5.18999991e-13
  4.86543004e+00     4.06400011e-13
  4.87575978e+00     1.70899997e-13
  4.88609002e+00     1.87699994e-13
  4.89641976e+00     5.08099998e-14
  4.90675000e+00     6.98800013e-14
  4.91708024e+00     3.16100011e-12
  4.92740998e+00     4.61799991e-14
  4.93774022e+00     6.91600030e-14
  4.94806996e+00     8.40400002e-14
  4.95840020e+00     7.26500023e-14
  4.96872994e+00     5.17499997e-14
  4.97906018e+00     1.71400004e-13
  4.98938992e+00     5.21300017e-13
  4.99972016e+00     2.21099994e-14
  5.01004990e+00     3.92000018e-12
  5.02038014e+00     3.51100008e-12
  5.03070988e+00     3.28400003e-12
  5.04104012e+00     5.00599995e-12
  5.05136986e+00     3.83599999e-13
  5.06170010e+00     6.56699968e-14
  5.07202984e+00     1.05000000e-13
  5.08236008e+00     9.77100006e-14
  5.09268982e+00     4.55600022e-13
  5.10302006e+00     2.78199989e-13
  5.11334980e+00     7.54999969e-12
  5.12368004e+00     7.49899979e-13
  5.13400978e+00     2.01699994e-11
  5.14434002e+00     1.22399998e-11
  5.15466976e+00     6.81800016e-12
  5.16500000e+00     1.34800001e-11
  5.17533024e+00     4.32999991e-09
  5.18565998e+00     3.09000003e-09
  5.19599022e+00     5.48899992e-09
  5.20631996e+00     5.37200018e-09
  5.21665020e+00     8.35199998e-09
  5.22697994e+00     1.03400000e-08
  5.23731018e+00     9.64899982e-09
  5.24763992e+00     1.20500001e-08
  5.25797016e+00     1.27800002e-08
  5.26829990e+00     1.77199997e-08
  5.27863014e+00     1.83999997e-08
  5.28895988e+00     1.85900006e-08
  5.29929012e+00     2.04199999e-08
  5.30961986e+00     1.62199996e-08
  5.31995010e+00     2.05100008e-08
  5.33027984e+00     1.94999998e-08
  5.34061008e+00     1.42900003e-08
  5.35093982e+00     1.40400003e-08
  5.36127006e+00     1.89500007e-08
  5.37159980e+00     1.77700006e-08
  5.38193004e+00     1.77399997e-08
  5.39225978e+00     1.19900001e-08
  5.40259002e+00     1.49000003e-08
  5.41291976e+00     1.08200000e-08
  5.42325000e+00     1.02500000e-08
  5.43358024e+00     1.04100000e-08
  5.44390998e+00     9.06400022e-09
  5.45424022e+00     9.63799973e-09
  5.46456996e+00     5.34799982e-09
  5.47490020e+00     5.43200018e-09
  5.48522994e+00     2.63600008e-09
  5.49556018e+00     3.68700004e-09
  5.50588992e+00     5.26299981e-09
  5.51622016e+00     7.01799996e-09
  5.52654990e+00     8.59099991e-09
  5.53688014e+00     7.16699988e-09
  5.54720988e+00     1.20200001e-08
  5.55754012e+00     1.06400000e-08
  5.56786986e+00     1.28600002e-08
  5.57820010e+00     1.77500006e-08
  5.58852984e+00     1.98700008e-08
  5.59886008e+00     2.15800000e-08
  5.60918982e+00     2.24099992e-08
  5.61952006e+00     2.75800005e-08
  5.62984980e+00     2.73600005e-08
  5.64018004e+00     3.10200008e-08
  5.65050978e+00     3.64200012e-08
  5.66084002e+00     3.92200015e-08
  5.67116976e+00     3.88699988e-08
  5.68150000e+00     4.01400015e-08
  5.69183024e+00     3.95800015e-08
  5.70215998e+00     4.11199998e-08
  5.71249022e+00     4.17700008e-08
  5.72281996e+00     4.19899990e-08
  5.73315020e+00     4.12200016e-08
  5.74347994e+00     3.95000015e-08
  5.75381018e+00     3.91700006e-08
  5.76413992e+00     3.76699987e-08
  5.77447016e+00     3.55999994e-08
  5.78479990e+00     3.18700017e-08
  5.79513014e+00     2.81699997e-08
  5.80545988e+00     2.42699993e-08
  5.81579012e+00     2.09300008e-08
  5.82611986e+00     1.97199999e-08
  5.83645010e+00     2.13400000e-08
  5.84677984e+00     2.22600001e-08
  5.85711008e+00     2.31499993e-08
  5.86743982e+00     2.36699993e-08
  5.87777006e+00     3.26600009e-08
  5.88809980e+00     4.69099994e-08
  5.89843004e+00     6.09099970e-08
  5.90875978e+00     7.60599974e-08
  5.91909002e+00     9.47100034e-08
  5.92941976e+00     1.11299997e-07
  5.93975000e+00     1.40899999e-07
  5.95008024e+00     1.59400003e-07
  5.96040998e+00     1.88000001e-07
  5.97074022e+00     2.11800000e-07
  5.98106996e+00     2.24800004e-07
  5.99140020e+00     2.44900008e-07
  6.00172994e+00     2.74299992e-07
  6.01206018e+00     2.95400014e-07
  6.02238992e+00     3.11900010e-07
  6.03272016e+00     3.14000005e-07
  6.04304990e+00     3.29899990e-07
  6.05338014e+00     3.28900001e-07
  6.06370988e+00     3.25999991e-07
  6.07404012e+00     3.33099990e-07
  6.08436986e+00     3.57200008e-07
  6.09470010e+00     3.42699991e-07
  6.10502984e+00     3.29500011e-07
  6.11536008e+00     3.12899999e-07
  6.12568982e+00     3.04699995e-07
  6.13602006e+00     2.91600003e-07
  6.14634980e+00     2.82299993e-07
  6.15668004e+00     2.66000001e-07
  6.16700978e+00     2.43899990e-07
  6.17734002e+00     2.22699995e-07
  6.18766976e+00     2.02999999e-07
  6.19800000e+00     1.93000005e-07
  6.20833024e+00     1.74799993e-07
  6.21865998e+00     1.56799999e-07
  6.22899022e+00     1.39600004e-07
  6.23931996e+00     1.20500005e-07
  6.24965020e+00     1.02999998e-07
  6.25997994e+00     8.36700025e-08
  6.27031018e+00     7.46800026e-08
  6.28063992e+00     6.43199982e-08
  6.29097016e+00     5.26100017e-08
  6.30129990e+00     4.28100009e-08
  6.31163014e+00     3.33599992e-08
  6.32195988e+00     3.15900017e-08
  6.33229012e+00     3.52699985e-08
  6.34261986e+00     4.12799999e-08
  6.35295010e+00     4.97700015e-08
  6.36327984e+00     5.96900023e-08
  6.37361008e+00     7.21099980e-08
  6.38393982e+00     1.06800002e-07
  6.39427006e+00     1.55699993e-07
  6.40459980e+00     2.28299996e-07
  6.41493004e+00     3.42300012e-07
  6.42525978e+00     7.28200007e-07
  6.43559002e+00     6.29300018e-07
  6.44591976e+00     8.19299999e-07
  6.45625000e+00     1.09899997e-06
  6.46658024e+00     9.49699995e-07
  6.47690998e+00     2.03900004e-06
  6.48724022e+00     1.78300002e-06
  6.49756996e+00     9.83900009e-07
  6.50790020e+00     7.46500007e-07
  6.51822994e+00     2.59699988e-07
  6.52856018e+00     2.56100009e-07
  6.53888992e+00     2.33600005e-07
  6.54922016e+00     2.24199994e-07
  6.55954990e+00     1.98899997e-07
  6.56988014e+00     1.74099995e-07
  6.58020988e+00     1.44900000e-07
  6.59054012e+00     1.18700001e-07
  6.60086986e+00     1.02199998e-07
  6.61120010e+00     8.03400013e-08
  6.62152984e+00     6.63400002e-08
  6.63186008e+00     5.70000012e-08
  6.64218982e+00     5.77900003e-08
  6.65252006e+00     7.14000024e-08
  6.66284980e+00     9.28700032e-08
  6.67318004e+00     1.17799999e-07
  6.68350978e+00     1.35400001e-07
  6.69384002e+00     1.60599996e-07
  6.70416976e+00     1.86799994e-07
  6.71450000e+00     2.23900003e-07
  6.72483024e+00     2.51300008e-07
  6.73515998e+00     2.86100004e-07
  6.74549022e+00     3.19900010e-07
  6.75581996e+00     3.57200008e-07
  6.76615020e+00     3.98499992e-07
  6.77647994e+00     4.11299993e-07
  6.78681018e+00     4.48399987e-07
  6.79713992e+00     4.87600005e-07
  6.80747016e+00     5.63500009e-07
  6.81779990e+00     6.29999988e-07
  6.82813014e+00     6.94200025e-07
  6.83845988e+00     7.28200007e-07
  6.84879012e+00     8.37599998e-07
  6.85911986e+00     9.08999993e-07
  6.86945010e+00     9.93499953e-07
  6.87977984e+00     1.06200002e-06
  6.89011008e+00     1.13199997e-06
  6.90043982e+00     1.20200002e-06
  6.91077006e+00     1.18800006e-06
  6.92109980e+00     1.19599997e-06
  6.93143004e+00     1.20899995e-06
  6.94175978e+00     1.16299998e-06
  6.95209002e+00     1.09099994e-06
  6.96241976e+00     1.00499994e-06
  6.97275000e+00     8.50599974e-07
  6.98308024e+00     7.31599982e-07
  6.99340998e+00     6.58200008e-07
  7.00374022e+00     5.42500004e-07
  7.01406996e+00     5.19699995e-07
  7.02440020e+00     5.64400011e-07
  7.03472994e+00     6.81199992e-07
  7.04506018e+00     8.07399999e-07
  7.05538992e+00     9.47300009e-07
  7.06572016e+00     1.04399999e-06
  7.07604990e+00     1.20000004e-06
  7.08638014e+00     1.35699997e-06
  7.09670988e+00     1.50699998e-06
  7.10704012e+00     1.68099996e-06
  7.11736986e+00     1.90800006e-06
  7.12770010e+00     2.22299991e-06
  7.13802984e+00     2.39900010e-06
  7.14836008e+00     2.61400010e-06
  7.15868982e+00     2.88799993e-06
  7.16902006e+00     2.91800006e-06
  7.17934980e+00     3.03999991e-06
  7.18968004e+00     3.11600002e-06
  7.20000978e+00     3.17700005e-06
  7.21034002e+00     3.31799993e-06
  7.22066976e+00     3.20999993e-06
  7.23100000e+00     3.23099994e-06
  7.24133024e+00     3.34600009e-06
  7.25165998e+00     3.32800005e-06
  7.26199022e+00     3.24700000e-06
  7.27231996e+00     3.13200007e-06
  7.28265020e+00     2.91900005e-06
  7.29297994e+00     2.79300002e-06
  7.30331018e+00     2.79100004e-06
  7.31363992e+00     2.60100001e-06
  7.32397016e+00     2.61099990e-06
  7.33429990e+00     2.51799997e-06
  7.34463014e+00     2.37299992e-06
  7.35495988e+00     2.35800007e-06
  7.36529012e+00     2.17699994e-06
  7.37561986e+00     2.06699997e-06
  7.38595010e+00     1.94499989e-06
  7.39627984e+00     1.85800002e-06
  7.40661008e+00     1.67799999e-06
  7.41693982e+00     1.59900003e-06
  7.42727006e+00     1.44900002e-06
  7.43759980e+00     1.35499999e-06
  7.44793004e+00     1.24200005e-06
  7.45825978e+00     1.10799999e-06
  7.46859002e+00     1.04699996e-06
  7.47891976e+00     9.30900001e-07
  7.48925000e+00     8.79500021e-07
  7.49958024e+00     7.97999974e-07
  7.50990998e+00     7.14299972e-07
  7.52024022e+00     6.59299985e-07
  7.53056996e+00     5.93499976e-07
  7.54090020e+00     5.38899997e-07
  7.55122994e+00     4.86700003e-07
  7.56156018e+00     4.34700013e-07
  7.57188992e+00     3.78799996e-07
  7.58222016e+00     3.21800002e-07
  7.59254990e+00     2.63099992e-07
  7.60288014e+00     2.10500005e-07
  7.61320988e+00     1.59999999e-07
  7.62354012e+00     1.14000002e-07
  7.63386986e+00     1.11699997e-07
  7.64420010e+00     1.34499999e-07
  7.65452984e+00     1.70400000e-07
  7.66486008e+00     2.13800007e-07
  7.67518982e+00     2.71099992e-07
  7.68552006e+00     3.13700014e-07
  7.69584980e+00     3.57099992e-07
  7.70618004e+00     3.77499987e-07
  7.71650978e+00     3.93800008e-07
  7.72684002e+00     3.90400004e-07
  7.73716976e+00     3.99500010e-07
  7.74750000e+00     3.85600003e-07
  7.75783024e+00     3.60200005e-07
  7.76815998e+00     3.50300013e-07
  7.77849022e+00     3.23600005e-07
  7.78881996e+00     2.97800000e-07
  7.79915020e+00     2.69100013e-07
  7.80947994e+00     2.32700003e-07
  7.81981018e+00     2.07699998e-07
  7.83013992e+00     1.73299995e-07
  7.84047016e+00     1.51600005e-07
  7.85079990e+00     1.20400003e-07
  7.86113014e+00     1.08499997e-07
  7.87145988e+00     9.04500013e-08
  7.88179012e+00     8.35199998e-08
  7.89211986e+00     8.26499971e-08
  7.90245010e+00     8.27799980e-08
  7.91277984e+00     8.13899987e-08
  7.92311008e+00     8.31700007e-08
  7.93343982e+00     9.05399986e-08
  7.94377006e+00     9.45000025e-08
  7.95409980e+00     1.00400001e-07
  7.96443004e+00     1.02000001e-07
  7.97475978e+00     1.08499997e-07
  7.98509002e+00     1.18300001e-07
  7.99541976e+00     1.23000007e-07
  8.00575000e+00     1.30700002e-07
  8.01608024e+00     1.42100006e-07
  8.02640998e+00     1.45900003e-07
  8.03674022e+00     1.57900004e-07
  8.04706996e+00     1.64100001e-07
  8.05740020e+00     1.66000007e-07
  8.06772994e+00     1.72699998e-07
  8.07806018e+00     1.84399994e-07
  8.08838992e+00     1.93399998e-07
  8.09872016e+00     1.91100000e-07
  8.10904990e+00     1.94099997e-07
  8.11938014e+00     2.04299994e-07
  8.12970988e+00     2.00299993e-07
  8.14004012e+00     2.10400003e-07
  8.15036986e+00     2.16900006e-07
  8.16070010e+00     2.16800004e-07
  8.17102984e+00     2.26099999e-07
  8.18136008e+00     2.35599998e-07
  8.19168982e+00     2.46199988e-07
  8.20202006e+00     2.65300002e-07
  8.21234980e+00     2.76700007e-07
  8.22268004e+00     2.80600005e-07
  8.23300978e+00     3.06599986e-07
  8.24334002e+00     3.09699999e-07
  8.25366976e+00     3.23600005e-07
  8.26400000e+00     3.37800003e-07
  8.27433024e+00     3.39299987e-07
  8.28466047e+00     3.39899998e-07
  8.29498972e+00     3.47100013e-07
  8.30531996e+00     3.32700012e-07
  8.31565020e+00     3.32100001e-07
  8.32598043e+00     3.14400012e-07
  8.33630968e+00     3.05800000e-07
  8.34663992e+00     2.94300008e-07
  8.35697016e+00     2.77299989e-07
  8.36730039e+00     2.77299989e-07
  8.37762965e+00     2.73300003e-07
  8.38795988e+00     2.58999989e-07
  8.39829012e+00     2.57399989e-07
  8.40862035e+00     2.73199987e-07
  8.41894961e+00     2.63999993e-07
  8.42927984e+00     2.73199987e-07
  8.43961008e+00     2.86100004e-07
  8.44994032e+00     3.02300009e-07
  8.46026957e+00     3.22700004e-07
  8.47059980e+00     3.46200011e-07
  8.48093004e+00     3.78900012e-07
  8.49126028e+00     4.23600000e-07
  8.50158953e+00     4.80499978e-07
  8.51191976e+00     5.78399977e-07
  8.52225000e+00     6.44199986e-07
  8.53258024e+00     7.58099986e-07
  8.54291047e+00     9.41400003e-07
  8.55323972e+00     1.01000001e-06
  8.56356996e+00     1.19900005e-06
  8.57390020e+00     1.46499997e-06
  8.58423043e+00     9.78799974e-08
  8.59455968e+00     8.15600032e-08
  8.60488992e+00     7.69300001e-08
  8.61522016e+00     6.74800020e-08
  8.62555039e+00     6.58999966e-08
  8.63587965e+00     6.70800020e-08
  8.64620988e+00     6.29099972e-08
  8.65654012e+00     6.17899971e-08
  8.66687035e+00     6.27999981e-08
  8.67719961e+00     5.97200014e-08
  8.68752984e+00     5.43799992e-08
  8.69786008e+00     5.15499998e-08
  8.70819032e+00     4.83700013e-08
  8.71851957e+00     4.73200004e-08
  8.72884980e+00     4.50400002e-08
  8.73918004e+00     4.13099990e-08
  8.74951028e+00     3.95700006e-08
  8.75983953e+00     3.88200014e-08
  8.77016976e+00     3.82699987e-08
  8.78050000e+00     3.78299987e-08
  8.79083024e+00     3.79800014e-08
  8.80116047e+00     3.93300006e-08
  8.81148972e+00     3.84200014e-08
  8.82181996e+00     4.06500007e-08
  8.83215020e+00     3.99700006e-08
  8.84248043e+00     4.20100008e-08
  8.85280968e+00     4.13700008e-08
  8.86313992e+00     4.19899990e-08
  8.87347016e+00     4.28100009e-08
  8.88380039e+00     4.35399983e-08
  8.89412965e+00     4.43799983e-08
  8.90445988e+00     4.64699994e-08
  8.91479012e+00     4.71099995e-08
  8.92512035e+00     4.75700013e-08
  8.93544961e+00     4.70500012e-08
  8.94577984e+00     4.86599987e-08
  8.95611008e+00     4.98000006e-08
  8.96644032e+00     5.08000007e-08
  8.97676957e+00     5.18699999e-08
  8.98709980e+00     5.27300017e-08
  8.99743004e+00     5.31399991e-08
  9.00776028e+00     5.39900000e-08
  9.01808953e+00     5.46099983e-08
  9.02841976e+00     5.29600008e-08
  9.03875000e+00     5.43200009e-08
  9.04908024e+00     5.48899983e-08
  9.05941047e+00     5.43299983e-08
  9.06973972e+00     5.55399993e-08
  9.08006996e+00     5.68099985e-08
  9.09040020e+00     5.85600013e-08
  9.10073043e+00     6.18099989e-08
  9.11105968e+00     6.35699990e-08
  9.12138992e+00     6.38000017e-08
  9.13172016e+00     6.49399965e-08
  9.14205039e+00     6.80799985e-08
  9.15237965e+00     6.81099976e-08
  9.16270988e+00     6.99499978e-08
  9.17304012e+00     7.18899997e-08
  9.18337035e+00     7.43400008e-08
  9.19369961e+00     7.91799977e-08
  9.20402984e+00     8.12299987e-08
  9.21436008e+00     8.51400017e-08
  9.22469032e+00     8.80399966e-08
  9.23501957e+00     9.01899995e-08
  9.24534980e+00     9.38999989e-08
  9.25568004e+00     9.61399991e-08
  9.26601028e+00     9.89800029e-08
  9.27633953e+00     1.00999998e-07
  9.28666976e+00     1.01900000e-07
  9.29700000e+00     1.00400001e-07
  9.30733024e+00     1.04300000e-07
  9.31766047e+00     1.08000002e-07
  9.32798972e+00     1.08800002e-07
  9.33831996e+00     1.07699996e-07
  9.34865020e+00     1.10999999e-07
  9.35898043e+00     1.12599999e-07
  9.36930968e+00     1.14099997e-07
  9.37963992e+00     1.14899997e-07
  9.38997016e+00     1.15799999e-07
  9.40030039e+00     1.16199999e-07
  9.41062965e+00     1.15799999e-07
  9.42095988e+00     1.15100001e-07
  9.43129012e+00     1.16199999e-07
  9.44162035e+00     1.12800002e-07
  9.45194961e+00     1.12000002e-07
  9.46227984e+00     1.12199999e-07
  9.47261008e+00     1.11399999e-07
  9.48294032e+00     1.11699997e-07
  9.49326957e+00     1.09500000e-07
  9.50359980e+00     1.06100003e-07
  9.51393004e+00     1.00199998e-07
  9.52426028e+00     9.91200011e-08
  9.53458953e+00     9.50799972e-08
  9.54491976e+00     8.82199984e-08
  9.55525000e+00     8.41599999e-08
  9.56558024e+00     8.15600032e-08
  9.57591047e+00     7.92599977e-08
  9.58623972e+00     7.47499982e-08
  9.59656996e+00     7.30999972e-08
  9.60690020e+00     7.21800006e-08
  9.61723043e+00     7.03499978e-08
  9.62755968e+00     6.85599986e-08
  9.63788992e+00     6.59799966e-08
  9.64822016e+00     6.59999984e-08
  9.65855039e+00     6.51400001e-08
  9.66887965e+00     6.32600035e-08
  9.67920988e+00     6.19000033e-08
  9.68954012e+00     6.12100024e-08
  9.69987035e+00     6.05599979e-08
  9.71019961e+00     5.99100005e-08
  9.72052984e+00     5.92800014e-08
  9.73086008e+00     5.86800013e-08
  9.74119032e+00     5.80899986e-08
  9.75151957e+00     5.75900003e-08
  9.76184980e+00     5.71500003e-08
  9.77218004e+00     5.63299984e-08
  9.78251028e+00     5.57299984e-08
  9.79283953e+00     5.48899983e-08
  9.80316976e+00     5.42099983e-08
  9.81350000e+00     5.33300017e-08
  9.82383024e+00     5.27799990e-08
  9.83416047e+00     5.21200008e-08
  9.84448972e+00     5.13399989e-08
  9.85481996e+00     5.09600007e-08
  9.86515020e+00     5.04999988e-08
  9.87548043e+00     5.01499997e-08
  9.88580968e+00     4.90500014e-08
  9.89613992e+00     5.00699997e-08
  9.90647016e+00     4.98000006e-08
  9.91680039e+00     4.88000005e-08
  9.92712965e+00     4.85300014e-08
  9.93745988e+00     4.81899995e-08
  9.94779012e+00     4.79600004e-08
  9.95812035e+00     4.81600004e-08
  9.96844961e+00     4.78000004e-08
  9.97877984e+00     4.86900014e-08
  9.98911008e+00     4.90199987e-08
  9.99944032e+00     4.89200005e-08
  1.00097696e+01     4.81700013e-08
  1.00200998e+01     4.78699995e-08
  1.00304300e+01     4.82800004e-08
  1.00407603e+01     4.76299995e-08
  1.00510895e+01     4.69399986e-08
  1.00614198e+01     4.66199985e-08
  1.00717500e+01     4.64100012e-08
  1.00820802e+01     4.70299995e-08
  1.00924105e+01     4.70999986e-08
  1.01027397e+01     4.67499994e-08
  1.01130700e+01     4.67499994e-08
  1.01234002e+01     4.68100012e-08
  1.01337304e+01     4.66599985e-08
  1.01440597e+01     4.65700012e-08
  1.01543899e+01     4.64699994e-08
  1.01647202e+01     4.66599985e-08
  1.01750504e+01     4.68100012e-08
  1.01853796e+01     4.67099994e-08
  1.01957099e+01     4.61499994e-08
  1.02060401e+01     4.60800003e-08
  1.02163704e+01     4.63799985e-08
  1.02266996e+01     4.60999985e-08
  1.02370298e+01     4.57300011e-08
  1.02473601e+01     4.65499994e-08
  1.02576903e+01     4.64599985e-08
  1.02680196e+01     4.64500012e-08
  1.02783498e+01     4.63700012e-08
  1.02886800e+01     4.66100012e-08
  1.02990103e+01     4.66900012e-08
  1.03093395e+01     4.66400003e-08
  1.03196698e+01     4.63300012e-08
  1.03300000e+01     4.63899994e-08
  1.03403302e+01     4.64699994e-08
  1.03506605e+01     4.66599985e-08
  1.03609897e+01     4.67700012e-08
  1.03713200e+01     4.69799986e-08
  1.03816502e+01     4.72000004e-08
  1.03919804e+01     4.71200003e-08
  1.04023097e+01     4.71200003e-08
  1.04126399e+01     4.69899994e-08
  1.04229702e+01     4.61099994e-08
  1.04333004e+01     4.69600003e-08
  1.04436296e+01     4.64900012e-08
  1.04539599e+01     4.62999985e-08
  1.04642901e+01     4.60500011e-08
  1.04746204e+01     4.58400002e-08
  1.04849496e+01     4.57200002e-08
  1.04952798e+01     4.53700011e-08
  1.05056101e+01     4.50900011e-08
  1.05159403e+01     4.49099993e-08
  1.05262696e+01     4.48199984e-08
  1.05365998e+01     4.45899992e-08
  1.05469300e+01     4.44800001e-08
  1.05572603e+01     4.42699992e-08
  1.05675895e+01     4.43799983e-08
  1.05779198e+01     4.39399983e-08
  1.05882500e+01     4.38199983e-08
  1.05985802e+01     4.38199983e-08
  1.06089105e+01     4.33499991e-08
  1.06192397e+01     4.31799982e-08
  1.06295700e+01     4.29899991e-08
  1.06399002e+01     4.32000000e-08
  1.06502304e+01     4.34900009e-08
  1.06605597e+01     4.36900010e-08
  1.06708899e+01     4.38800001e-08
  1.06812202e+01     4.40800001e-08
  1.06915504e+01     4.42800001e-08
  1.07018796e+01     4.50500011e-08
  1.07122099e+01     4.55499993e-08
  1.07225401e+01     4.54199984e-08
  1.07328704e+01     4.51600002e-08
  1.07431996e+01     4.46500010e-08
  1.07535298e+01     4.44400001e-08
  1.07638601e+01     4.45399984e-08
  1.07741903e+01     4.43799983e-08
  1.07845196e+01     4.41300010e-08
  1.07948498e+01     4.39399983e-08
  1.08051800e+01     4.40400001e-08
  1.08155103e+01     4.40400001e-08
  1.08258395e+01     4.32400000e-08
  1.08361698e+01     4.38599983e-08
  1.08465000e+01     4.43399983e-08
  1.08568302e+01     4.44400001e-08
  1.08671605e+01     4.46599984e-08
  1.08774897e+01     4.51399984e-08
  1.08878200e+01     4.54400002e-08
  1.08981502e+01     4.56800002e-08
  1.09084804e+01     4.53399984e-08
  1.09188097e+01     4.50400002e-08
  1.09291399e+01     4.50599984e-08
  1.09394702e+01     4.49799984e-08
  1.09498004e+01     4.48100010e-08
  1.09601296e+01     4.47399984e-08
  1.09704599e+01     4.45700010e-08
  1.09807901e+01     4.43799983e-08
  1.09911204e+01     4.47200001e-08
  1.10014496e+01     4.44100010e-08
  1.10117798e+01     4.40900010e-08
  1.10221101e+01     4.38500010e-08
  1.10324403e+01     4.37099992e-08
  1.10427696e+01     4.34400000e-08
  1.10530998e+01     4.32500009e-08
  1.10634300e+01     4.30100009e-08
  1.10737603e+01     4.27300009e-08
  1.10840895e+01     4.26699991e-08
  1.10944198e+01     4.26800000e-08
  1.11047500e+01     4.26900009e-08
  1.11150802e+01     4.22900008e-08
  1.11254105e+01     4.19599999e-08
  1.11357397e+01     4.23199999e-08
  1.11460700e+01     4.23199999e-08
  1.11564002e+01     4.21999999e-08
  1.11667304e+01     4.20200017e-08
  1.11770597e+01     4.19199999e-08
  1.11873899e+01     4.14399999e-08
  1.11977202e+01     4.15400017e-08
  1.12080504e+01     4.18100008e-08
  1.12183796e+01     4.20399999e-08
  1.12287099e+01     4.20799999e-08
  1.12390401e+01     4.19700008e-08
  1.12493704e+01     4.19999999e-08
  1.12596996e+01     4.20799999e-08
  1.12700298e+01     4.27700009e-08
  1.12803601e+01     4.30599982e-08
  1.12906903e+01     4.32400000e-08
  1.13010196e+01     4.36199983e-08
  1.13113498e+01     4.41200001e-08
  1.13216800e+01     4.45600001e-08
  1.13320103e+01     4.50299993e-08
  1.13423395e+01     4.55499993e-08
  1.13526698e+01     4.62500012e-08
  1.13630000e+01     4.72999986e-08
  1.13733302e+01     4.84900013e-08
  1.13836605e+01     4.96900014e-08
  1.13939897e+01     5.08800007e-08
  1.14043200e+01     5.29700017e-08
  1.14146502e+01     5.55299984e-08
  1.14249804e+01     5.82700004e-08
  1.14353097e+01     6.14800015e-08
  1.14456399e+01     6.50099992e-08
  1.14559702e+01     6.96299978e-08
  1.14663004e+01     7.48100035e-08
  1.14766296e+01     4.75700013e-08
  1.14869599e+01     4.30199982e-08
  1.14972901e+01     3.84799996e-08
  1.15076204e+01     3.30200010e-08
  1.15179496e+01     2.95200007e-08
  1.15282798e+01     2.64200004e-08
  1.15386101e+01     2.37699993e-08
  1.15489403e+01     2.11200000e-08
  1.15592696e+01     1.89599998e-08
  1.15695998e+01     1.74999997e-08
  1.15799300e+01     1.61399996e-08
  1.15902603e+01     1.49300003e-08
  1.16005895e+01     1.39200003e-08
  1.16109198e+01     1.32100002e-08
  1.16212500e+01     1.24300001e-08
  1.16315802e+01     1.17800001e-08
  1.16419105e+01     1.10300000e-08
  1.16522397e+01     1.06500000e-08
  1.16625700e+01     1.05500000e-08
  1.16729002e+01     1.02700000e-08
  1.16832304e+01     1.00299999e-08
  1.16935597e+01     9.63699964e-09
  1.17038899e+01     9.57500035e-09
  1.17142202e+01     9.54500035e-09
  1.17245504e+01     9.62899982e-09
  1.17348796e+01     9.66899982e-09
  1.17452099e+01     9.65200009e-09
  1.17555401e+01     9.52500034e-09
  1.17658704e+01     9.72999992e-09
  1.17761996e+01     9.91100002e-09
  1.17865298e+01     9.98899985e-09
  1.17968601e+01     1.01700000e-08
  1.18071903e+01     1.02600000e-08
  1.18175196e+01     1.04400000e-08
  1.18278498e+01     1.05200000e-08
  1.18381800e+01     1.07400000e-08
  1.18485103e+01     1.09700000e-08
  1.18588395e+01     1.10700000e-08
  1.18691698e+01     1.11700000e-08
  1.18795000e+01     1.13600001e-08
  1.18898302e+01     1.16100001e-08
  1.19001605e+01     1.18200001e-08
  1.19104897e+01     1.20000001e-08
  1.19208200e+01     1.20900001e-08
  1.19311502e+01     1.23000001e-08
  1.19414804e+01     1.24100001e-08
  1.19518097e+01     1.25100001e-08
  1.19621399e+01     1.28100002e-08
  1.19724702e+01     1.29800002e-08
  1.19828004e+01     1.31600002e-08
  1.19931296e+01     1.33500002e-08
  1.20034599e+01     1.35800002e-08
  1.20137901e+01     1.38600003e-08
  1.20241204e+01     1.40000003e-08
  1.20344496e+01     1.43100003e-08
  1.20447798e+01     1.46800003e-08
  1.20551101e+01     1.49399995e-08
  1.20654403e+01     1.52599995e-08
  1.20757696e+01     1.55399995e-08
  1.20860998e+01     1.58700004e-08
  1.20964300e+01     1.62399996e-08
  1.21067603e+01     1.66199996e-08
  1.21170895e+01     1.69300005e-08
  1.21274198e+01     1.71500005e-08
  1.21377500e+01     1.75300006e-08
  1.21480802e+01     1.78799997e-08
  1.21584105e+01     1.80799997e-08
  1.21687397e+01     1.83799997e-08
  1.21790700e+01     1.87700007e-08
  1.21894002e+01     1.91500007e-08
  1.21997304e+01     1.97100007e-08
  1.22100597e+01     2.00399999e-08
  1.22203899e+01     2.04799999e-08
  1.22307202e+01     2.09000000e-08
  1.22410504e+01     2.12900009e-08
  1.22513796e+01     2.16200000e-08
  1.22617099e+01     2.18200000e-08
  1.22720401e+01     2.24400001e-08
  1.22823704e+01     2.30899992e-08
  1.22926996e+01     2.34499993e-08
  1.23030298e+01     2.37800002e-08
  1.23133601e+01     2.41899993e-08
  1.23236903e+01     2.44299994e-08
  1.23340196e+01     2.43600002e-08
  1.23443498e+01     2.46699994e-08
  1.23546800e+01     2.49899994e-08
  1.23650103e+01     2.53000003e-08
  1.23753395e+01     2.55200003e-08
  1.23856698e+01     2.58400004e-08
  1.23960000e+01     2.60699995e-08
  1.24063302e+01     2.67099995e-08
  1.24166605e+01     2.68699996e-08
  1.24269897e+01     2.68699996e-08
  1.24373200e+01     2.62899995e-08
  1.24476502e+01     2.64200004e-08
  1.24579804e+01     2.64499995e-08
  1.24683097e+01     2.65800004e-08
  1.24786399e+01     2.67000004e-08
  1.24889702e+01     2.68099996e-08
  1.24993004e+01     2.69000004e-08
  1.25096296e+01     2.69800005e-08
  1.25199599e+01     2.69600005e-08
  1.25302901e+01     2.70499996e-08
  1.25406204e+01     2.71400005e-08
  1.25509496e+01     2.72400005e-08
  1.25612798e+01     2.73400005e-08
  1.25716101e+01     2.81499997e-08
  1.25819403e+01     2.83299997e-08
  1.25922696e+01     2.82600006e-08
  1.26025998e+01     2.77600005e-08
  1.26129300e+01     2.79699996e-08
  1.26232603e+01     2.80600005e-08
  1.26335895e+01     2.86099997e-08
  1.26439198e+01     2.87299997e-08
  1.26542500e+01     2.86699997e-08
  1.26645802e+01     2.85699997e-08
  1.26749105e+01     2.84499997e-08
  1.26852397e+01     2.82699997e-08
  1.26955700e+01     2.79800005e-08
  1.27059002e+01     2.73200005e-08
  1.27162304e+01     2.71099996e-08
  1.27265597e+01     2.70000005e-08
  1.27368899e+01     2.68000004e-08
  1.27472202e+01     2.71800005e-08
  1.27575504e+01     2.70299996e-08
  1.27678796e+01     2.66499995e-08
  1.27782099e+01     2.57099995e-08
  1.27885401e+01     2.54299994e-08
  1.27988704e+01     2.51400003e-08
  1.28091996e+01     2.48499994e-08
  1.28195298e+01     2.49000003e-08
  1.28298601e+01     2.47600003e-08
  1.28401903e+01     2.44400002e-08
  1.28505196e+01     2.39000002e-08
  1.28608498e+01     2.34499993e-08
  1.28711800e+01     2.31600001e-08
  1.28815103e+01     2.31600001e-08
  1.28918395e+01     2.28800001e-08
  1.29021698e+01     2.25099992e-08
  1.29125000e+01     2.21899992e-08
  1.29228302e+01     2.17099991e-08
  1.29331605e+01     2.08700008e-08
  1.29434897e+01     2.05500008e-08
  1.29538200e+01     2.02399999e-08
  1.29641502e+01     2.02599999e-08
  1.29744804e+01     1.99700008e-08
  1.29848097e+01     1.96399998e-08
  1.29951399e+01     1.92999998e-08
  1.30054702e+01     1.89300007e-08
  1.30158004e+01     1.84599998e-08
  1.30261296e+01     1.81799997e-08
  1.30364599e+01     1.80100006e-08
  1.30467901e+01     1.77599997e-08
  1.30571204e+01     1.74700006e-08
  1.30674496e+01     1.71599996e-08
  1.30777798e+01     1.68100005e-08
  1.30881101e+01     1.61599996e-08
  1.30984403e+01     1.58599995e-08
  1.31087696e+01     1.55599995e-08
  1.31190998e+01     1.51599995e-08
  1.31294300e+01     1.49700004e-08
  1.31397603e+01     1.48600003e-08
  1.31500895e+01     1.48600003e-08
  1.31604198e+01     1.47600003e-08
  1.31707500e+01     1.46600003e-08
  1.31810802e+01     1.46600003e-08
  1.31914105e+01     1.45600003e-08
  1.32017397e+01     1.48600003e-08
  1.32120700e+01     1.51500004e-08
  1.32224002e+01     1.55500004e-08
  1.32327304e+01     1.59399995e-08
  1.32430597e+01     1.64300005e-08
  1.32533899e+01     1.69199996e-08
  1.32637202e+01     1.79100006e-08
  1.32740504e+01     1.92399998e-08
  1.32843796e+01     2.08500008e-08
  1.32947099e+01     2.26800001e-08
  1.33050401e+01     2.47800003e-08
  1.33153704e+01     2.72800005e-08
  1.33256996e+01     3.02600007e-08
  1.33360298e+01     3.30299983e-08
  1.33463601e+01     3.61800012e-08
  1.33566903e+01     4.00699989e-08
  1.33670196e+01     4.48800002e-08
  1.33773498e+01     5.09600007e-08
  1.33876800e+01     5.94099987e-08
  1.33980103e+01     6.78899994e-08
  1.34083395e+01     7.59799974e-08
  1.34186698e+01     8.58699991e-08
  1.34290000e+01     9.81499966e-08
  1.34393302e+01     1.14899997e-07
  1.34496605e+01     1.36799997e-07
  1.34599897e+01     1.66500001e-07
  1.34703200e+01     1.81999994e-07
  1.34806502e+01     1.98999999e-07
  1.34909804e+01     2.19399993e-07
  1.35013097e+01     2.43500011e-07
  1.35116399e+01     2.74400008e-07
  1.35219702e+01     3.17200005e-07
  1.35323004e+01     2.92999999e-07
  1.35426296e+01     3.43700009e-07
  1.35529599e+01     3.40300005e-07
  1.35632901e+01     3.38500001e-07
  1.35736204e+01     3.34199996e-07
  1.35839496e+01     3.28800013e-07
  1.35942798e+01     3.22200009e-07
  1.36046101e+01     3.09699999e-07
  1.36149403e+01     2.95900008e-07
  1.36252696e+01     2.82900004e-07
  1.36355998e+01     1.91799998e-07
  1.36459300e+01     5.06499987e-07
  1.36562603e+01     5.09400024e-07
  1.36665895e+01     5.13899977e-07
  1.36769198e+01     5.15900012e-07
  1.36872500e+01     5.17999979e-07
  1.36975802e+01     5.19699995e-07
  1.37079105e+01     5.19699995e-07
  1.37182397e+01     5.18899981e-07
  1.37285700e+01     5.19299988e-07
  1.37389002e+01     5.19299988e-07
  1.37492304e+01     5.19500020e-07
  1.37595597e+01     5.19100013e-07
  1.37698899e+01     5.17700016e-07
  1.37802202e+01     5.14900023e-07
  1.37905504e+01     4.97200006e-07
  1.38008796e+01     5.25900020e-07
  1.38112099e+01     5.24899974e-07
  1.38215401e+01     5.05800017e-07
  1.38318704e+01     5.09100005e-07
  1.38421996e+01     5.05999992e-07
  1.38525298e+01     5.18499974e-07
  1.38628601e+01     5.17899991e-07
  1.38731903e+01     5.16099988e-07
  1.38835196e+01     4.96799998e-07
  1.38938498e+01     4.99900011e-07
  1.39041800e+01     5.17899991e-07
  1.39145103e+01     5.18100023e-07
  1.39248395e+01     5.19600007e-07
  1.39351698e+01     5.19900027e-07
  1.39455000e+01     5.20500009e-07
  1.39558302e+01     5.22999983e-07
  1.39661605e+01     5.24600011e-07
  1.39764897e+01     5.27199973e-07
  1.39868200e+01     5.28899989e-07
  1.39971502e+01     5.31699982e-07
  1.40074804e+01     5.34600019e-07
  1.40178097e+01     5.36400023e-07
  1.40281399e+01     5.22499988e-07
  1.40384702e+01     5.30100010e-07
  1.40488004e+01     5.31599994e-07
  1.40591296e+01     5.29799991e-07
  1.40694599e+01     5.42299972e-07
  1.40797901e+01     5.43099986e-07
  1.40901204e+01     5.42800024e-07
  1.41004496e+01     5.28800001e-07
  1.41107798e+01     5.32199977e-07
  1.41211101e+01     5.33300010e-07
  1.41314403e+01     5.33599973e-07
  1.41417696e+01     5.33399998e-07
  1.41520998e+01     5.32700028e-07
  1.41624300e+01     5.31400019e-07
  1.41727603e+01     5.31800026e-07
  1.41830895e+01     5.34600019e-07
  1.41934198e+01     5.36699986e-07
  1.42037500e+01     5.37500000e-07
  1.42140802e+01     5.37400012e-07
  1.42244105e+01     5.30600005e-07
  1.42347397e+01     5.39399991e-07
  1.42450700e+01     5.38999984e-07
  1.42554002e+01     5.39700011e-07
  1.42657304e+01     5.40399981e-07
  1.42760597e+01     5.42199984e-07
  1.42863899e+01     5.42800024e-07
  1.42967202e+01     5.43499993e-07
  1.43070504e+01     5.44999978e-07
  1.43173796e+01     5.45399985e-07
  1.43277099e+01     5.46600006e-07
  1.43380401e+01     5.47599996e-07
  1.43483704e+01     5.48400010e-07
  1.43586996e+01     5.49300012e-07
  1.43690298e+01     5.50100026e-07
  1.43793601e+01     5.42900011e-07
  1.43896903e+01     5.46600006e-07
  1.44000196e+01     5.47000013e-07
  1.44103498e+01     5.38999984e-07
  1.44206800e+01     5.53800021e-07
  1.44310103e+01     5.53800021e-07
  1.44413395e+01     5.54999986e-07
  1.44516698e+01     5.55300005e-07
  1.44620000e+01     5.55700012e-07
  1.44723302e+01     5.50399989e-07
  1.44826605e+01     5.53900009e-07
  1.44929897e+01     5.52900019e-07
  1.45033200e+01     5.56899977e-07
  1.45136502e+01     5.57400028e-07
  1.45239804e+01     5.58299973e-07
  1.45343097e+01     5.59800014e-07
  1.45446399e+01     5.51200003e-07
  1.45549702e+01     5.53699977e-07
  1.45653004e+01     5.59099988e-07
  1.45756296e+01     5.55600025e-07
  1.45859599e+01     5.52500012e-07
  1.45962901e+01     5.49700019e-07
  1.46066204e+01     5.41299983e-07
  1.46169496e+01     5.42299972e-07
  1.46272798e+01     5.41199995e-07
  1.46376101e+01     5.38599977e-07
  1.46479403e+01     5.30000023e-07
  1.46582696e+01     5.37300025e-07
  1.46685998e+01     5.35799984e-07
  1.46789300e+01     5.25900020e-07
  1.46892603e+01     5.28700014e-07
  1.46995895e+01     5.28700014e-07
  1.47099198e+01     5.28200019e-07
  1.47202500e+01     5.28399994e-07
  1.47305802e+01     5.29799991e-07
  1.47409105e+01     5.30699992e-07
  1.47512397e+01     5.30799980e-07
  1.47615700e+01     5.28899989e-07
  1.47719002e+01     5.27300017e-07
  1.47822304e+01     5.26000008e-07
  1.47925597e+01     5.26500003e-07
  1.48028899e+01     5.28300006e-07
  1.48132202e+01     5.29100021e-07
  1.48235504e+01     5.29500028e-07
  1.48338796e+01     5.26400015e-07
  1.48442099e+01     5.33200023e-07
  1.48545401e+01     5.35100014e-07
  1.48648704e+01     5.35900028e-07
  1.48751996e+01     5.37500000e-07
  1.48855298e+01     5.39200016e-07
  1.48958601e+01     5.40700000e-07
  1.49061903e+01     5.43300018e-07
  1.49165196e+01     5.28300006e-07
  1.49268498e+01     5.39700011e-07
  1.49371800e+01     5.48999992e-07
  1.49475103e+01     5.50600021e-07
  1.49578395e+01     5.53199982e-07
  1.49681698e+01     5.55800000e-07
  1.49785000e+01     5.54499991e-07
  1.49888302e+01     5.61700006e-07
  1.49991605e+01     5.65400001e-07
  1.50094897e+01     5.69300028e-07
  1.50198200e+01     5.71800001e-07
  1.50301502e+01     5.66300002e-07
  1.50404804e+01     5.78200002e-07
  1.50508097e+01     5.81999984e-07
  1.50611399e+01     5.82200016e-07
  1.50714702e+01     5.92399999e-07
  1.50818004e+01     5.98899987e-07
  1.50921296e+01     6.02099988e-07
  1.51024599e+01     6.04600018e-07
  1.51127901e+01     6.04100023e-07
  1.51231204e+01     6.07199979e-07
  1.51334496e+01     6.17100000e-07
  1.51437798e+01     6.22799973e-07
  1.51541101e+01     6.28199984e-07
  1.51644403e+01     6.32600006e-07
  1.51747696e+01     6.33900015e-07
  1.51850998e+01     6.35599974e-07
  1.51954300e+01     6.38799975e-07
  1.52057603e+01     6.43000021e-07
  1.52160895e+01     6.47299998e-07
  1.52264198e+01     6.49599997e-07
  1.52367500e+01     6.51999983e-07
  1.52470802e+01     6.55500003e-07
  1.52574105e+01     6.52200015e-07
  1.52677397e+01     6.60400019e-07
  1.52780700e+01     6.62899993e-07
  1.52884002e+01     6.65299979e-07
  1.52987304e+01     6.67599977e-07
  1.53090597e+01     6.70100007e-07
  1.53193899e+01     6.70199995e-07
  1.53297202e+01     6.71400016e-07
  1.53400504e+01     6.69799988e-07
  1.53503796e+01     6.79499976e-07
  1.53607099e+01     6.82000007e-07
  1.53710401e+01     6.82500001e-07
  1.53813704e+01     6.80500023e-07
  1.53916996e+01     6.77300022e-07
  1.54020298e+01     6.73200020e-07
  1.54123601e+01     6.73700015e-07
  1.54226903e+01     6.73300008e-07
  1.54330196e+01     6.64399977e-07
  1.54433498e+01     6.78499987e-07
  1.54536800e+01     6.80399978e-07
  1.54640103e+01     6.81699987e-07
  1.54743395e+01     6.80799985e-07
  1.54846698e+01     6.80100015e-07
  1.54950000e+01     6.78899994e-07
  1.55053302e+01     6.78700019e-07
  1.55156605e+01     6.80000028e-07
  1.55259897e+01     6.81799975e-07
  1.55363200e+01     6.82900009e-07
  1.55466502e+01     6.83700023e-07
  1.55569804e+01     6.84200018e-07
  1.55673097e+01     6.84999975e-07
  1.55776399e+01     6.84399993e-07
  1.55879702e+01     6.82000007e-07
  1.55983004e+01     6.79100026e-07
  1.56086296e+01     6.70000020e-07
  1.56189599e+01     6.76400020e-07
  1.56292901e+01     6.67499990e-07
  1.56396204e+01     6.74399985e-07
  1.56499496e+01     6.74799992e-07
  1.56602798e+01     6.73399995e-07
  1.56706101e+01     6.71699979e-07
  1.56809403e+01     6.67599977e-07
  1.56912696e+01     6.59699992e-07
  1.57015998e+01     6.67899997e-07
  1.57119300e+01     6.66699975e-07
  1.57222603e+01     6.65500011e-07
  1.57325895e+01     6.65199991e-07
  1.57429198e+01     6.64100014e-07
  1.57532500e+01     6.62899993e-07
  1.57635802e+01     6.62700018e-07
  1.57739105e+01     6.62599973e-07
  1.57842397e+01     6.62300010e-07
  1.57945700e+01     6.62200023e-07
  1.58049002e+01     6.62099978e-07
  1.58152304e+01     6.53299992e-07
  1.58255597e+01     6.55500003e-07
  1.58358899e+01     6.54299981e-07
  1.58462202e+01     6.46099977e-07
  1.58565504e+01     6.62300010e-07
  1.58668796e+01     6.62300010e-07
  1.58772099e+01     6.63399987e-07
  1.58875401e+01     6.51400001e-07
  1.58978704e+01     6.54600001e-07
  1.59081996e+01     6.53699999e-07
  1.59185298e+01     6.51200025e-07
  1.59288601e+01     6.52399990e-07
  1.59391903e+01     6.55599990e-07
  1.59495196e+01     6.59799980e-07
  1.59598498e+01     6.62700018e-07
  1.59701800e+01     6.65299979e-07
  1.59805103e+01     6.65199991e-07
  1.59908395e+01     6.60400019e-07
  1.60011698e+01     6.81900019e-07
  1.60115000e+01     6.84300005e-07
  1.60218302e+01     6.86799979e-07
  1.60321605e+01     6.74799992e-07
  1.60424897e+01     6.82199982e-07
  1.60528200e+01     6.89300009e-07
  1.60631502e+01     6.96500024e-07
  1.60734804e+01     7.01399983e-07
  1.60838097e+01     7.04999991e-07
  1.60941399e+01     7.05700018e-07
  1.61044702e+01     7.27200018e-07
  1.61148004e+01     7.32200022e-07
  1.61251296e+01     7.36999993e-07
  1.61354599e+01     7.42700024e-07
  1.61457901e+01     7.47400009e-07
  1.61561204e+01     7.52800020e-07
  1.61664496e+01     7.45799980e-07
  1.61767798e+01     7.53400002e-07
  1.61871101e+01     7.58599981e-07
  1.61974403e+01     7.63000003e-07
  1.62077696e+01     7.67500012e-07
  1.62180998e+01     7.73299973e-07
  1.62284300e+01     7.79800018e-07
  1.62387603e+01     7.85099985e-07
  1.62490895e+01     7.89000012e-07
  1.62594198e+01     7.92300000e-07
  1.62697500e+01     7.95099993e-07
  1.62800802e+01     7.96499990e-07
  1.62904105e+01     7.93299989e-07
  1.63007397e+01     8.14899977e-07
  1.63110700e+01     8.18499984e-07
  1.63214002e+01     8.21799972e-07
  1.63317304e+01     8.26299981e-07
  1.63420597e+01     8.05000013e-07
  1.63523899e+01     8.15199996e-07
  1.63627202e+01     8.16099998e-07
  1.63730504e+01     8.39400002e-07
  1.63833796e+01     8.42799977e-07
  1.63937099e+01     8.45999978e-07
  1.64040401e+01     8.49400010e-07
  1.64143704e+01     8.52600010e-07
  1.64246996e+01     8.55999986e-07
  1.64350298e+01     8.59199986e-07
  1.64453601e+01     8.43699979e-07
  1.64556903e+01     8.51300001e-07
  1.64660196e+01     8.53100005e-07
  1.64763498e+01     8.48699983e-07
  1.64866800e+01     8.75100000e-07
  1.64970103e+01     8.78799995e-07
  1.65073395e+01     8.82300014e-07
  1.65176698e+01     8.85799977e-07
  1.65280000e+01     8.89299997e-07
  1.65383302e+01     8.94300001e-07
  1.65486605e+01     8.98099984e-07
  1.65589907e+01     9.02199986e-07
  1.65693209e+01     9.06100013e-07
  1.65796492e+01     9.10300002e-07
  1.65899794e+01     9.14400005e-07
  1.66003097e+01     9.18599994e-07
  1.66106399e+01     9.23000016e-07
  1.66209702e+01     9.14199973e-07
  1.66313004e+01     9.24900007e-07
  1.66416306e+01     9.29299972e-07
  1.66519609e+01     9.41999986e-07
  1.66622891e+01     9.43100019e-07
  1.66726194e+01     9.43799989e-07
  1.66829496e+01     9.54399979e-07
  1.66932798e+01     9.53899985e-07
  1.67036101e+01     9.52899995e-07
  1.67139403e+01     9.61900014e-07
  1.67242706e+01     9.60499960e-07
  1.67346008e+01     9.61299975e-07
  1.67449291e+01     9.64399987e-07
  1.67552593e+01     9.78499997e-07
  1.67655895e+01     9.81799985e-07
  1.67759198e+01     9.84500048e-07
  1.67862500e+01     9.86200007e-07
  1.67965802e+01     9.87099952e-07
  1.68069105e+01     9.97099960e-07
  1.68172407e+01     9.95899995e-07
  1.68275709e+01     9.93299977e-07
  1.68378992e+01     9.88699981e-07
  1.68482294e+01     9.75800049e-07
  1.68585597e+01     9.89600039e-07
  1.68688899e+01     9.89499995e-07
  1.68792202e+01     9.89399950e-07
  1.68895504e+01     9.83200039e-07
  1.68998806e+01     9.89999990e-07
  1.69102109e+01     9.91400043e-07
  1.69205391e+01     9.87000021e-07
  1.69308694e+01     9.89999990e-07
  1.69411996e+01     9.90499984e-07
  1.69515298e+01     9.90900048e-07
  1.69618601e+01     9.91299999e-07
  1.69721903e+01     1.00199998e-06
  1.69825206e+01     1.00299997e-06
  1.69928508e+01     1.00299997e-06
  1.70031791e+01     1.00399996e-06
  1.70135093e+01     1.00399996e-06
  1.70238395e+01     1.00499994e-06
  1.70341698e+01     1.00499994e-06
  1.70445000e+01     1.01600006e-06
  1.70548302e+01     1.01600006e-06
  1.70651605e+01     1.01600006e-06
  1.70754907e+01     1.01600006e-06
  1.70858209e+01     1.02700005e-06
  1.70961492e+01     1.02700005e-06
  1.71064794e+01     1.03699995e-06
  1.71168097e+01     1.03699995e-06
  1.71271399e+01     1.03599996e-06
  1.71374702e+01     1.05000004e-06
  1.71478004e+01     1.05499998e-06
  1.71581306e+01     1.06400000e-06
  1.71684609e+01     1.06000005e-06
  1.71787891e+01     1.05699996e-06
  1.71891194e+01     1.07200003e-06
  1.71994496e+01     1.08100005e-06
  1.72097798e+01     1.07500000e-06
  1.72201101e+01     1.08799998e-06
  1.72304403e+01     1.08999996e-06
  1.72407706e+01     1.10700000e-06
  1.72511008e+01     1.11600002e-06
  1.72614291e+01     1.12400005e-06
  1.72717593e+01     1.13299996e-06
  1.72820895e+01     1.14199997e-06
  1.72924198e+01     1.15000000e-06
  1.73027500e+01     1.15900002e-06
  1.73130802e+01     1.16800004e-06
  1.73234105e+01     1.17699994e-06
  1.73337407e+01     1.18599996e-06
  1.73440709e+01     1.19399999e-06
  1.73543992e+01     1.21000005e-06
  1.73647294e+01     1.21999994e-06
  1.73750597e+01     1.21699998e-06
  1.73853899e+01     1.23999996e-06
  1.73957202e+01     1.25999998e-06
  1.74060504e+01     1.26899999e-06
  1.74163806e+01     1.27700002e-06
  1.74267109e+01     1.29700004e-06
  1.74370391e+01     1.30499996e-06
  1.74473694e+01     1.31399997e-06
  1.74576996e+01     1.34000004e-06
  1.74680298e+01     1.35799996e-06
  1.74783601e+01     1.37899997e-06
  1.74886903e+01     1.38799999e-06
  1.74990206e+01     1.39600002e-06
  1.75093508e+01     1.41299995e-06
  1.75196791e+01     1.41999999e-06
  1.75300093e+01     1.44099999e-06
  1.75403395e+01     1.46299999e-06
  1.75506698e+01     1.47499998e-06
  1.75610000e+01     1.49699997e-06
  1.75713302e+01     1.50799997e-06
  1.75816605e+01     1.52799998e-06
  1.75919907e+01     1.54700001e-06
  1.76023209e+01     1.55400005e-06
  1.76126492e+01     1.57099998e-06
  1.76229794e+01     1.58600005e-06
  1.76333097e+01     1.60200000e-06
  1.76436399e+01     1.61299999e-06
  1.76539702e+01     1.63899995e-06
  1.76643004e+01     1.66500001e-06
  1.76746306e+01     1.68800000e-06
  1.76849609e+01     1.70500005e-06
  1.76952891e+01     1.70999999e-06
  1.77056194e+01     1.71399995e-06
  1.77159496e+01     1.72399996e-06
  1.77262798e+01     1.74399997e-06
  1.77366101e+01     1.76300000e-06
  1.77469403e+01     1.82199994e-06
  1.77572706e+01     1.84800001e-06
  1.77676008e+01     1.87700005e-06
  1.77779291e+01     1.89100001e-06
  1.77882593e+01     1.90200001e-06
  1.77985895e+01     1.92099992e-06
  1.78089198e+01     1.92199991e-06
  1.78192500e+01     1.88700005e-06
  1.78295802e+01     1.89800005e-06
  1.78399105e+01     1.90800006e-06
  1.78502407e+01     1.92900006e-06
  1.78605709e+01     1.93999995e-06
  1.78708992e+01     1.95100006e-06
  1.78812294e+01     2.00599993e-06
  1.78915597e+01     2.05500010e-06
  1.79018899e+01     2.07299991e-06
  1.79122202e+01     2.07800008e-06
  1.79225504e+01     2.06499999e-06
  1.79328806e+01     2.03800005e-06
  1.79432109e+01     2.04899993e-06
  1.79535391e+01     2.06000004e-06
  1.79638694e+01     2.08100005e-06
  1.79741996e+01     2.14700003e-06
  1.79845298e+01     2.18500008e-06
  1.79948601e+01     2.20099992e-06
  1.80051903e+01     2.17699994e-06
  1.80155206e+01     2.16400008e-06
  1.80258508e+01     2.18500008e-06
  1.80361791e+01     2.25100007e-06
  1.80465093e+01     2.31600006e-06
  1.80568395e+01     2.35299990e-06
  1.80671698e+01     2.38300004e-06
  1.80775000e+01     2.40700001e-06
  1.80878302e+01     2.42600004e-06
  1.80981605e+01     2.45199999e-06
  1.81084907e+01     2.48500010e-06
  1.81188209e+01     2.51100005e-06
  1.81291492e+01     2.53600001e-06
  1.81394794e+01     2.49499999e-06
  1.81498097e+01     2.53300004e-06
  1.81601399e+01     2.58000000e-06
  1.81704702e+01     2.62799995e-06
  1.81808004e+01     2.70200007e-06
  1.81911306e+01     2.80399991e-06
  1.82014609e+01     2.86699992e-06
  1.82117891e+01     2.92899995e-06
  1.82221194e+01     2.97399993e-06
  1.82324496e+01     3.03399997e-06
  1.82427798e+01     3.08800008e-06
  1.82531101e+01     3.13999999e-06
  1.82634403e+01     3.20999993e-06
  1.82737706e+01     3.27499993e-06
  1.82841008e+01     3.34900005e-06
  1.82944291e+01     3.40399993e-06
  1.83047593e+01     3.43300007e-06
  1.83150895e+01     3.51700010e-06
  1.83254198e+01     3.60200011e-06
  1.83357500e+01     3.69500003e-06
  1.83460802e+01     3.78899995e-06
  1.83564105e+01     3.91100002e-06
  1.83667407e+01     4.11000019e-06
  1.83770709e+01     4.28300018e-06
  1.83873992e+01     4.44299985e-06
  1.83977294e+01     4.58800014e-06
  1.84080597e+01     4.73499995e-06
  1.84183899e+01     4.87299985e-06
  1.84287202e+01     5.02900002e-06
  1.84390504e+01     5.20000003e-06
  1.84493806e+01     5.38199993e-06
  1.84597109e+01     5.58900001e-06
  1.84700391e+01     5.81199993e-06
  1.84803694e+01     6.07299989e-06
  1.84906996e+01     6.35800006e-06
  1.85010298e+01     6.65000016e-06
  1.85113601e+01     6.91600007e-06
  1.85216903e+01     7.27499992e-06
  1.85320206e+01     7.70099996e-06
  1.85423508e+01     8.13400038e-06
  1.85526791e+01     8.77900038e-06
  1.85630093e+01     9.43000032e-06
  1.85733395e+01     1.01100004e-05
  1.85836698e+01     1.09499997e-05
  1.85940000e+01     1.17700001e-05
  1.86043302e+01     1.26499999e-05
  1.86146605e+01     1.33800004e-05
  1.86249907e+01     1.40800003e-05
  1.86353209e+01     1.52899993e-05
  1.86456492e+01     1.64899993e-05
  1.86559794e+01     1.78499995e-05
  1.86663097e+01     1.94500008e-05
  1.86766399e+01     2.12699997e-05
  1.86869702e+01     2.35999996e-05
  1.86973004e+01     2.60100005e-05
  1.87076306e+01     2.98300001e-05
  1.87179609e+01     3.43600004e-05
  1.87282891e+01     4.01700017e-05
  1.87386194e+01     4.01600009e-05
  1.87489496e+01     4.14099995e-05
  1.87592798e+01     4.06100007e-05
  1.87696101e+01     3.96600008e-05
  1.87799403e+01     3.84099985e-05
  1.87902706e+01     3.70800008e-05
  1.88006008e+01     3.54699987e-05
  1.88109291e+01     3.40400002e-05
  1.88212593e+01     2.44099992e-05
  1.88315895e+01     2.95499995e-05
  1.88419198e+01     3.16900005e-05
  1.88522500e+01     3.26500012e-05
  1.88625802e+01     3.24899993e-05
  1.88729105e+01     2.36899996e-05
  1.88832407e+01     1.16499996e-05
  1.88935709e+01     1.42999997e-05
  1.89038992e+01     1.12199996e-05
  1.89142294e+01     8.96399979e-06
  1.89245597e+01     7.24900019e-06
  1.89348899e+01     5.91600019e-06
  1.89452202e+01     4.94899996e-06
  1.89555504e+01     4.20100014e-06
  1.89658806e+01     3.61699995e-06
  1.89762109e+01     3.17400008e-06
  1.89865391e+01     2.23300003e-06
  1.89968694e+01     2.67099995e-06
  1.90071996e+01     1.95500002e-06
  1.90175298e+01     2.22499989e-06
  1.90278601e+01     2.55400005e-06
  1.90381903e+01     2.77400000e-06
  1.90485206e+01     2.84900011e-06
  1.90588508e+01     2.70500004e-06
  1.90691791e+01     2.32299999e-06
  1.90795093e+01     1.77000004e-06
  1.90898395e+01     1.19799995e-06
  1.91001698e+01     1.28299996e-06
  1.91105000e+01     2.26499992e-06
  1.91208302e+01     3.36199992e-06
  1.91311605e+01     4.28400017e-06
  1.91414907e+01     4.88400019e-06
  1.91518209e+01     4.89800004e-06
  1.91621492e+01     4.00199997e-06
  1.91724794e+01     8.54400014e-07
  1.91828097e+01     4.13700008e-07
  1.91931399e+01     4.41499992e-07
  1.92034702e+01     4.73499995e-07
  1.92138004e+01     5.06099980e-07
  1.92241306e+01     5.43999988e-07
  1.92344609e+01     4.72400006e-06
  1.92447891e+01     7.16800014e-06
  1.92551194e+01     8.23200025e-06
  1.92654496e+01     7.95300002e-06
  1.92757798e+01     6.34800017e-06
  1.92861101e+01     2.62499998e-06
  1.92964403e+01     8.80500011e-07
  1.93067706e+01     9.24500000e-07
  1.93171008e+01     9.58800001e-07
  1.93274291e+01     2.21999994e-06
  1.93377593e+01     7.04400009e-06
  1.93480895e+01     1.02300000e-05
  1.93584198e+01     1.26699997e-05
  1.93687500e+01     1.45100003e-05
  1.93790802e+01     1.59100000e-05
  1.93894105e+01     1.69499999e-05
  1.93997407e+01     1.76100002e-05
  1.94100709e+01     1.79399995e-05
  1.94203992e+01     1.79500003e-05
  1.94307294e+01     1.77300008e-05
  1.94410597e+01     1.73499993e-05
  1.94513899e+01     1.69499999e-05
  1.94617202e+01     1.68999995e-05
  1.94720504e+01     1.73099997e-05
  1.94823806e+01     1.80999996e-05
  1.94927109e+01     1.92700008e-05
  1.95030391e+01     2.07600006e-05
  1.95133694e+01     2.22100007e-05
  1.95236996e+01     2.38899993e-05
  1.95340298e+01     2.56399999e-05
  1.95443601e+01     2.75200000e-05
  1.95546903e+01     2.92500008e-05
  1.95650206e+01     3.09200004e-05
  1.95753508e+01     3.24200009e-05
  1.95856791e+01     3.34500000e-05
  1.95960093e+01     3.39799990e-05
  1.96063395e+01     3.32300006e-05
  1.96166698e+01     3.07500013e-05
  1.96270000e+01     2.57800002e-05
  1.96373302e+01     1.67300004e-05
  1.96476605e+01     8.60300042e-06
  1.96579907e+01     9.36000015e-06
  1.96683209e+01     1.01899996e-05
  1.96786492e+01     1.84199998e-05
  1.96889794e+01     3.45799999e-05
  1.96993097e+01     1.15399998e-04
  1.97096399e+01     2.70599994e-04
  1.97199702e+01     5.03799994e-04
  1.97303004e+01     6.93499984e-04
  1.97406306e+01     8.42600013e-04
  1.97509609e+01     8.87700007e-04
  1.97612891e+01     9.05600027e-04
  1.97716194e+01     8.69099982e-04
  1.97819496e+01     8.13300023e-04
  1.97922798e+01     7.17499992e-04
  1.98026101e+01     5.89100004e-04
  1.98129403e+01     4.33999987e-04
  1.98232706e+01     2.36000007e-04
  1.98336008e+01     1.03099999e-04
  1.98439291e+01     5.89599986e-05
  1.98542593e+01     2.26699995e-05
  1.98645895e+01     5.48899989e-05
  1.98749198e+01     6.01499996e-05
  1.98852500e+01     5.46000010e-05
  1.98955802e+01     1.00300000e-04
  1.99059105e+01     1.42300007e-04
  1.99162407e+01     1.81900003e-04
  1.99265709e+01     2.18000001e-04
  1.99368992e+01     5.02199982e-05
  1.99472294e+01     2.47899996e-04
  1.99575597e+01     2.71099998e-04
  1.99678899e+01     3.06500006e-04
  1.99782202e+01     3.49600014e-04
  1.99885504e+01     4.07000014e-04
  1.99988806e+01     4.65299992e-04
  2.00092109e+01     5.88800001e-04
  2.00195391e+01     7.31899985e-04
  2.00298694e+01     9.81600024e-04
  2.00401996e+01     1.27999997e-03
  2.00505298e+01     1.58499996e-03
  2.00608601e+01     1.86299998e-03
  2.00711903e+01     2.09499989e-03
  2.00815206e+01     2.26300000e-03
  2.00918508e+01     2.41500000e-03
  2.01021791e+01     2.52399989e-03
  2.01125093e+01     2.63100001e-03
  2.01228395e+01     2.71399994e-03
  2.01331698e+01     2.79600010e-03
  2.01435000e+01     2.91600008e-03
  2.01538302e+01     3.06300004e-03
  2.01641605e+01     3.28700012e-03
  2.01744907e+01     3.58900009e-03
  2.01848209e+01     3.96999996e-03
  2.01951492e+01     4.48299991e-03
  2.02054794e+01     5.05999988e-03
  2.02158097e+01     5.86900022e-03
  2.02261399e+01     6.72300020e-03
  2.02364702e+01     7.88099971e-03
  2.02468004e+01     9.10000037e-03
  2.02571306e+01     1.06400000e-02
  2.02674609e+01     1.22300005e-02
  2.02777891e+01     1.40199997e-02
  2.02881194e+01     1.60099994e-02
  2.02984496e+01     1.83000006e-02
  2.03087798e+01     2.07899995e-02
  2.03191101e+01     2.34800000e-02
  2.03294403e+01     2.65699998e-02
  2.03397706e+01     2.98599992e-02
  2.03501008e+01     3.39399986e-02
  2.03604291e+01     3.81200016e-02
  2.03707593e+01     4.31800000e-02
  2.03810895e+01     4.84500006e-02
  2.03914198e+01     5.46000004e-02
  2.04017500e+01     6.08399995e-02
  2.04120802e+01     6.77800030e-02
  2.04224105e+01     7.51300007e-02
  2.04327407e+01     8.29700008e-02
  2.04430709e+01     9.15099978e-02
  2.04533992e+01     1.00299999e-01
  2.04637294e+01     1.11299999e-01
  2.04740597e+01     1.22199997e-01
  2.04843899e+01     1.34200007e-01
  2.04947202e+01     1.46100000e-01
  2.05050504e+01     1.58099994e-01
  2.05153806e+01     1.70100003e-01
  2.05257109e+01     1.80099994e-01
  2.05360391e+01     1.90099999e-01
  2.05463694e+01     1.99200004e-01
  2.05566996e+01     2.07300007e-01
  2.05670298e+01     2.14399993e-01
  2.05773601e+01     2.21499994e-01
  2.05876903e+01     2.27500007e-01
  2.05980206e+01     2.33600006e-01
  2.06083508e+01     2.38600001e-01
  2.06186791e+01     2.42699996e-01
  2.06290093e+01     2.44700000e-01
  2.06393395e+01     2.46800005e-01
  2.06496698e+01     2.46800005e-01
  2.06600000e+01     2.46900007e-01
  2.06703302e+01     2.45900005e-01
  2.06806605e+01     2.45900005e-01
  2.06909907e+01     2.46000007e-01
  2.07013209e+01     2.46000007e-01
  2.07116492e+01     2.46999994e-01
  2.07219794e+01     2.48099998e-01
  2.07323097e+01     2.49100000e-01
  2.07426399e+01     2.50099987e-01
  2.07529702e+01     2.51100004e-01
  2.07633004e+01     2.51100004e-01
  2.07736306e+01     2.51199991e-01
  2.07839609e+01     2.52200007e-01
  2.07942891e+01     2.54200011e-01
  2.08046194e+01     2.57200003e-01
  2.08149496e+01     2.60199994e-01
  2.08252798e+01     2.64200002e-01
  2.08356101e+01     2.67199993e-01
  2.08459403e+01     2.70099998e-01
  2.08562706e+01     2.72100002e-01
  2.08666008e+01     2.72100002e-01
  2.08769291e+01     2.73099989e-01
  2.08872593e+01     2.72100002e-01
  2.08975895e+01     2.72100002e-01
  2.09079198e+01     2.71100014e-01
  2.09182500e+01     2.70099998e-01
  2.09285802e+01     2.69199997e-01
  2.09389105e+01     2.69199997e-01
  2.09492407e+01     2.67199993e-01
  2.09595709e+01     2.65199989e-01
  2.09698992e+01     2.63200015e-01
  2.09802294e+01     2.61200011e-01
  2.09905597e+01     2.59200007e-01
  2.10008899e+01     2.58199990e-01
  2.10112202e+01     2.58199990e-01
  2.10215504e+01     2.58199990e-01
  2.10318806e+01     2.60100007e-01
  2.10422109e+01     2.62100011e-01
  2.10525391e+01     2.65100002e-01
  2.10628694e+01     2.67100006e-01
  2.10731996e+01     2.69100010e-01
  2.10835298e+01     2.70099998e-01
  2.10938601e+01     2.71100014e-01
  2.11041903e+01     2.72100002e-01
  2.11145206e+01     2.73099989e-01
  2.11248508e+01     2.75099993e-01
  2.11351791e+01     2.77099997e-01
  2.11455093e+01     2.80099988e-01
  2.11558395e+01     2.82099992e-01
  2.11661698e+01     2.85100013e-01
  2.11765000e+01     2.85100013e-01
  2.11868302e+01     2.86100000e-01
  2.11971605e+01     2.85100013e-01
  2.12074907e+01     2.84099996e-01
  2.12178209e+01     2.82099992e-01
  2.12281492e+01     2.81100005e-01
  2.12384794e+01     2.80099988e-01
  2.12488097e+01     2.79100001e-01
  2.12591399e+01     2.79100001e-01
  2.12694702e+01     2.79100001e-01
  2.12798004e+01     2.78100014e-01
  2.12901306e+01     2.77099997e-01
  2.13004609e+01     2.76100010e-01
  2.13107891e+01     2.74100006e-01
  2.13211194e+01     2.73099989e-01
  2.13314496e+01     2.71100014e-01
  2.13417798e+01     2.71100014e-01
  2.13521101e+01     2.72100002e-01
  2.13624403e+01     2.74100006e-01
  2.13727706e+01     2.77099997e-01
  2.13831008e+01     2.79100001e-01
  2.13934291e+01     2.81100005e-01
  2.14037593e+01     2.82099992e-01
  2.14140895e+01     2.82099992e-01
  2.14244198e+01     2.81100005e-01
  2.14347500e+01     2.79100001e-01
  2.14450802e+01     2.77099997e-01
  2.14554105e+01     2.75099993e-01
  2.14657407e+01     2.73099989e-01
  2.14760709e+01     2.73099989e-01
  2.14863992e+01     2.73099989e-01
  2.14967294e+01     2.74100006e-01
  2.15070597e+01     2.74100006e-01
  2.15173899e+01     2.75099993e-01
  2.15277202e+01     2.76100010e-01
  2.15380504e+01     2.76100010e-01
  2.15483806e+01     2.75099993e-01
  2.15587109e+01     2.75099993e-01
  2.15690391e+01     2.75099993e-01
  2.15793694e+01     2.75099993e-01
  2.15896996e+01     2.76100010e-01
  2.16000298e+01     2.76100010e-01
  2.16103601e+01     2.77099997e-01
  2.16206903e+01     2.77099997e-01
  2.16310206e+01     2.77099997e-01
  2.16413508e+01     2.75099993e-01
  2.16516791e+01     2.73099989e-01
  2.16620093e+01     2.71100014e-01
  2.16723395e+01     2.68099993e-01
  2.16826698e+01     2.65100002e-01
  2.16930000e+01     2.64099985e-01
  2.17033302e+01     2.62100011e-01
  2.17136605e+01     2.63099998e-01
  2.17239907e+01     2.63099998e-01
  2.17343209e+01     2.65100002e-01
  2.17446492e+01     2.67100006e-01
  2.17549794e+01     2.68099993e-01
  2.17653097e+01     2.70099998e-01
  2.17756399e+01     2.72100002e-01
  2.17859702e+01     2.73099989e-01
  2.17963004e+01     2.75099993e-01
  2.18066306e+01     2.77099997e-01
  2.18169609e+01     2.79100001e-01
  2.18272891e+01     2.82099992e-01
  2.18376194e+01     2.85100013e-01
  2.18479496e+01     2.87999988e-01
  2.18582798e+01     2.91000009e-01
  2.18686101e+01     2.93000013e-01
  2.18789403e+01     2.94999987e-01
  2.18892706e+01     2.94999987e-01
  2.18996008e+01     2.94999987e-01
  2.19099291e+01     2.94999987e-01
  2.19202593e+01     2.94999987e-01
  2.19305895e+01     2.96000004e-01
  2.19409198e+01     2.96000004e-01
  2.19512500e+01     2.96999991e-01
  2.19615802e+01     2.98999995e-01
  2.19719105e+01     3.00000012e-01
  2.19822407e+01     3.00000012e-01
  2.19925709e+01     3.00000012e-01
  2.20028992e+01     2.98000008e-01
  2.20132294e+01     2.96000004e-01
  2.20235597e+01     2.93000013e-01
  2.20338899e+01     2.89000005e-01
  2.20442202e+01     2.87000000e-01
  2.20545504e+01     2.84000009e-01
  2.20648806e+01     2.82000005e-01
  2.20752109e+01     2.80999988e-01
  2.20855391e+01     2.80000001e-01
  2.20958694e+01     2.79000014e-01
  2.21061996e+01     2.77999997e-01
  2.21165298e+01     2.77000010e-01
  2.21268601e+01     2.75999993e-01
  2.21371903e+01     2.73999989e-01
  2.21475206e+01     2.73000002e-01
  2.21578508e+01     2.72000015e-01
  2.21681791e+01     2.72000015e-01
  2.21785093e+01     2.73999989e-01
  2.21888395e+01     2.75999993e-01
  2.21991698e+01     2.79000014e-01
  2.22095000e+01     2.82999992e-01
  2.22198302e+01     2.87000000e-01
  2.22301605e+01     2.89999992e-01
  2.22404907e+01     2.93000013e-01
  2.22508209e+01     2.94999987e-01
  2.22611492e+01     2.96000004e-01
  2.22714794e+01     2.96999991e-01
  2.22818097e+01     2.96999991e-01
  2.22921399e+01     2.96999991e-01
  2.23024702e+01     2.96999991e-01
  2.23128004e+01     2.96999991e-01
  2.23231306e+01     2.96999991e-01
  2.23334609e+01     2.96999991e-01
  2.23437891e+01     2.94999987e-01
  2.23541194e+01     2.94000000e-01
  2.23644496e+01     2.91000009e-01
  2.23747798e+01     2.87000000e-01
  2.23851101e+01     2.82999992e-01
  2.23954403e+01     2.77999997e-01
  2.24057706e+01     2.73000002e-01
  2.24161008e+01     2.68999994e-01
  2.24264291e+01     2.66000003e-01
  2.24367593e+01     2.63999999e-01
  2.24470895e+01     2.61999995e-01
  2.24574198e+01     2.61999995e-01
  2.24677500e+01     2.61999995e-01
  2.24780802e+01     2.61999995e-01
  2.24884105e+01     2.63000011e-01
  2.24987407e+01     2.63000011e-01
  2.25090709e+01     2.63000011e-01
  2.25193992e+01     2.63000011e-01
  2.25297294e+01     2.63999999e-01
  2.25400597e+01     2.66000003e-01
  2.25503899e+01     2.68000007e-01
  2.25607202e+01     2.72000015e-01
  2.25710504e+01     2.75000006e-01
  2.25813806e+01     2.79900014e-01
  2.25917109e+01     2.84900010e-01
  2.26020391e+01     2.87900001e-01
  2.26123694e+01     2.90899992e-01
  2.26226996e+01     2.92899996e-01
  2.26330298e+01     2.91900009e-01
  2.26433601e+01     2.90899992e-01
  2.26536903e+01     2.88899988e-01
  2.26640206e+01     2.85899997e-01
  2.26743508e+01     2.83899993e-01
  2.26846791e+01     2.81899989e-01
  2.26950093e+01     2.79900014e-01
  2.27053395e+01     2.78899997e-01
  2.27156698e+01     2.77900010e-01
  2.27260000e+01     2.76899993e-01
  2.27363302e+01     2.76899993e-01
  2.27466605e+01     2.75900006e-01
  2.27569907e+01     2.74899989e-01
  2.27673209e+01     2.72899985e-01
  2.27776492e+01     2.71899998e-01
  2.27879794e+01     2.69899994e-01
  2.27983097e+01     2.67899990e-01
  2.28086399e+01     2.66999990e-01
  2.28189702e+01     2.66000003e-01
  2.28293004e+01     2.64999986e-01
  2.28396306e+01     2.64999986e-01
  2.28499609e+01     2.63999999e-01
  2.28602891e+01     2.63999999e-01
  2.28706194e+01     2.63000011e-01
  2.28809496e+01     2.61000007e-01
  2.28912798e+01     2.59999990e-01
  2.29016101e+01     2.57999986e-01
  2.29119403e+01     2.56000012e-01
  2.29222706e+01     2.54999995e-01
  2.29326008e+01     2.52999991e-01
  2.29429291e+01     2.52000004e-01
  2.29532593e+01     2.52000004e-01
  2.29635895e+01     2.52000004e-01
  2.29739198e+01     2.52000004e-01
  2.29842500e+01     2.52000004e-01
  2.29945802e+01     2.50999987e-01
  2.30049105e+01     2.50000000e-01
  2.30152407e+01     2.48999998e-01
  2.30255709e+01     2.46999994e-01
  2.30358992e+01     2.45000005e-01
  2.30462294e+01     2.43000001e-01
  2.30565597e+01     2.39999995e-01
  2.30668899e+01     2.38999993e-01
  2.30772202e+01     2.37000003e-01
  2.30875504e+01     2.36000001e-01
  2.30978806e+01     2.36000001e-01
  2.31082109e+01     2.34999999e-01
  2.31185391e+01     2.33999997e-01
  2.31288694e+01     2.32999995e-01
  2.31391996e+01     2.31000006e-01
  2.31495298e+01     2.29000002e-01
  2.31598601e+01     2.25999996e-01
  2.31701903e+01     2.22000003e-01
  2.31805206e+01     2.17999995e-01
  2.31908508e+01     2.14000002e-01
  2.32011791e+01     2.09999993e-01
  2.32115093e+01     2.07000002e-01
  2.32218395e+01     2.04999998e-01
  2.32321698e+01     2.02999994e-01
  2.32425000e+01     2.02000007e-01
  2.32528302e+01     2.02000007e-01
  2.32631605e+01     2.01000005e-01
  2.32734907e+01     2.00000003e-01
  2.32838209e+01     1.99000001e-01
  2.32941492e+01     1.97999999e-01
  2.33044794e+01     1.95999995e-01
  2.33148097e+01     1.94999993e-01
  2.33251399e+01     1.94000006e-01
  2.33354702e+01     1.93000004e-01
  2.33458004e+01     1.93000004e-01
  2.33561306e+01     1.93000004e-01
  2.33664609e+01     1.94999993e-01
  2.33767891e+01     1.95999995e-01
  2.33871194e+01     1.97999999e-01
  2.33974496e+01     1.99000001e-01
  2.34077798e+01     2.01000005e-01
  2.34181101e+01     2.01000005e-01
  2.34284403e+01     2.01000005e-01
  2.34387706e+01     2.01000005e-01
  2.34491008e+01     2.00000003e-01
  2.34594291e+01     1.99000001e-01
  2.34697593e+01     1.99000001e-01
  2.34800895e+01     1.99000001e-01
  2.34904198e+01     1.99000001e-01
  2.35007500e+01     2.00000003e-01
  2.35110802e+01     2.01000005e-01
  2.35214105e+01     2.02000007e-01
  2.35317407e+01     2.02999994e-01
  2.35420709e+01     2.02999994e-01
  2.35523992e+01     2.02000007e-01
  2.35627294e+01     2.02000007e-01
  2.35730597e+01     2.00000003e-01
  2.35833899e+01     1.97999999e-01
  2.35937202e+01     1.94999993e-01
  2.36040504e+01     1.93000004e-01
  2.36143806e+01     1.91000000e-01
  2.36247109e+01     1.89999998e-01
  2.36350391e+01     1.88999996e-01
  2.36453694e+01     1.88999996e-01
  2.36556996e+01     1.88999996e-01
  2.36660298e+01     1.89999998e-01
  2.36763601e+01     1.89999998e-01
  2.36866903e+01     1.91000000e-01
  2.36970206e+01     1.92000002e-01
  2.37073508e+01     1.91900000e-01
  2.37176791e+01     1.91900000e-01
  2.37280093e+01     1.91900000e-01
  2.37383395e+01     1.92900002e-01
  2.37486698e+01     1.92900002e-01
  2.37590000e+01     1.94900006e-01
  2.37693302e+01     1.95899993e-01
  2.37796605e+01     1.97899997e-01
  2.37899907e+01     1.99900001e-01
  2.38003209e+01     2.01900005e-01
  2.38106492e+01     2.02900007e-01
  2.38209794e+01     2.03899994e-01
  2.38313097e+01     2.03899994e-01
  2.38416399e+01     2.02900007e-01
  2.38519702e+01     2.02900007e-01
  2.38623004e+01     2.01900005e-01
  2.38726306e+01     1.99900001e-01
  2.38829609e+01     1.98899999e-01
  2.38932891e+01     1.97899997e-01
  2.39036194e+01     1.96999997e-01
  2.39139496e+01     1.95999995e-01
  2.39242798e+01     1.95999995e-01
  2.39346101e+01     1.94999993e-01
  2.39449403e+01     1.93000004e-01
  2.39552706e+01     1.92000002e-01
  2.39656008e+01     1.89999998e-01
  2.39759291e+01     1.87000006e-01
  2.39862593e+01     1.85000002e-01
  2.39965895e+01     1.80999994e-01
  2.40069198e+01     1.77000001e-01
  2.40172500e+01     1.73999995e-01
  2.40275802e+01     1.70000002e-01
  2.40379105e+01     1.66999996e-01
  2.40482407e+01     1.64000005e-01
  2.40585709e+01     1.62000000e-01
  2.40688992e+01     1.59999996e-01
  2.40792294e+01     1.58999994e-01
  2.40895597e+01     1.57000005e-01
  2.40998899e+01     1.55000001e-01
  2.41102202e+01     1.53999999e-01
  2.41205504e+01     1.51999995e-01
  2.41308806e+01     1.50000006e-01
  2.41412109e+01     1.48000002e-01
  2.41515391e+01     1.45999998e-01
  2.41618694e+01     1.43999994e-01
  2.41721996e+01     1.42000005e-01
  2.41825298e+01     1.41000003e-01
  2.41928601e+01     1.40000001e-01
  2.42031903e+01     1.38999999e-01
  2.42135206e+01     1.37999997e-01
  2.42238508e+01     1.37999997e-01
  2.42341791e+01     1.36999995e-01
  2.42445093e+01     1.36000007e-01
  2.42548395e+01     1.35000005e-01
  2.42651698e+01     1.33000001e-01
  2.42755000e+01     1.30999997e-01
  2.42858302e+01     1.28999993e-01
  2.42961605e+01     1.27000004e-01
  2.43064907e+01     1.23999998e-01
  2.43168209e+01     1.22000001e-01
  2.43271492e+01     1.20999999e-01
  2.43374794e+01     1.19000003e-01
  2.43478097e+01     1.18000001e-01
  2.43581399e+01     1.18000001e-01
  2.43684702e+01     1.16999999e-01
  2.43788004e+01     1.16999999e-01
  2.43891306e+01     1.18000001e-01
  2.43994609e+01     1.18000001e-01
  2.44097891e+01     1.18000001e-01
  2.44201194e+01     1.18000001e-01
  2.44304496e+01     1.18000001e-01
  2.44407798e+01     1.18000001e-01
  2.44511101e+01     1.18000001e-01
  2.44614403e+01     1.18000001e-01
  2.44717706e+01     1.18000001e-01
  2.44821008e+01     1.19000003e-01
  2.44924291e+01     1.19000003e-01
  2.45027593e+01     1.19999997e-01
  2.45130895e+01     1.20999999e-01
  2.45234198e+01     1.22000001e-01
  2.45337500e+01     1.22000001e-01
  2.45440802e+01     1.22000001e-01
  2.45544105e+01     1.22000001e-01
  2.45647407e+01     1.22000001e-01
  2.45750709e+01     1.20999999e-01
  2.45853992e+01     1.20999999e-01
  2.45957294e+01     1.19999997e-01
  2.46060597e+01     1.19999997e-01
  2.46163899e+01     1.19000003e-01
  2.46267202e+01     1.19000003e-01
  2.46370504e+01     1.19999997e-01
  2.46473806e+01     1.19999997e-01
  2.46577109e+01     1.20999999e-01
  2.46680391e+01     1.23000003e-01
  2.46783694e+01     1.23999998e-01
  2.46886996e+01     1.26000002e-01
  2.46990298e+01     1.27000004e-01
  2.47093601e+01     1.28000006e-01
  2.47196903e+01     1.28999993e-01
  2.47300206e+01     1.29999995e-01
  2.47403508e+01     1.30999997e-01
  2.47506791e+01     1.31999999e-01
  2.47610093e+01     1.31999999e-01
  2.47713395e+01     1.33000001e-01
  2.47816698e+01     1.34000003e-01
  2.47920000e+01     1.35000005e-01
  2.48023302e+01     1.36000007e-01
  2.48126605e+01     1.37999997e-01
  2.48229907e+01     1.38999999e-01
  2.48333209e+01     1.41000003e-01
  2.48436492e+01     1.43000007e-01
  2.48539794e+01     1.43999994e-01
  2.48643097e+01     1.44999996e-01
  2.48746399e+01     1.44999996e-01
  2.48849702e+01     1.45999998e-01
  2.48953004e+01     1.45999998e-01
  2.49056306e+01     1.45999998e-01
  2.49159609e+01     1.45999998e-01
  2.49262891e+01     1.45999998e-01
  2.49366194e+01     1.45999998e-01
  2.49469496e+01     1.45999998e-01
  2.49572798e+01     1.47000000e-01
  2.49676101e+01     1.48000002e-01
  2.49779403e+01     1.49000004e-01
  2.49882706e+01     1.50000006e-01
  2.49986008e+01     1.50999993e-01
  2.50089291e+01     1.50999993e-01
  2.50192593e+01     1.50999993e-01
  2.50295895e+01     1.50999993e-01
  2.50399198e+01     1.50000006e-01
  2.50502500e+01     1.50000006e-01
  2.50605802e+01     1.49000004e-01
  2.50709105e+01     1.48000002e-01
  2.50812407e+01     1.47000000e-01
  2.50915709e+01     1.47000000e-01
  2.51018992e+01     1.45999998e-01
  2.51122294e+01     1.45999998e-01
  2.51225597e+01     1.47000000e-01
  2.51328899e+01     1.48000002e-01
  2.51432202e+01     1.48000002e-01
  2.51535504e+01     1.49000004e-01
  2.51638806e+01     1.49000004e-01
  2.51742109e+01     1.50000006e-01
  2.51845391e+01     1.50000006e-01
  2.51948694e+01     1.50000006e-01
  2.52051996e+01     1.50000006e-01
  2.52155298e+01     1.49000004e-01
  2.52258601e+01     1.49000004e-01
  2.52361903e+01     1.48000002e-01
  2.52465206e+01     1.48000002e-01
  2.52568508e+01     1.48000002e-01
  2.52671791e+01     1.47000000e-01
  2.52775093e+01     1.47000000e-01
  2.52878395e+01     1.47000000e-01
  2.52981698e+01     1.45999998e-01
  2.53085000e+01     1.45999998e-01
  2.53188302e+01     1.44999996e-01
  2.53291605e+01     1.43999994e-01
  2.53394907e+01     1.42100006e-01
  2.53498209e+01     1.41100004e-01
  2.53601492e+01     1.39100000e-01
  2.53704794e+01     1.37099996e-01
  2.53808097e+01     1.35100007e-01
  2.53911399e+01     1.33100003e-01
  2.54014702e+01     1.31099999e-01
  2.54118004e+01     1.29099995e-01
  2.54221306e+01     1.28099993e-01
  2.54324609e+01     1.27100006e-01
  2.54427891e+01     1.26100004e-01
  2.54531194e+01     1.26100004e-01
  2.54634496e+01     1.26100004e-01
  2.54737798e+01     1.25100002e-01
  2.54841101e+01     1.25100002e-01
  2.54944403e+01     1.25100002e-01
  2.55047706e+01     1.24100000e-01
  2.55151008e+01     1.23099998e-01
  2.55254291e+01     1.23099998e-01
  2.55357593e+01     1.22100003e-01
  2.55460895e+01     1.20099999e-01
  2.55564198e+01     1.19099997e-01
  2.55667500e+01     1.18100002e-01
  2.55770802e+01     1.17100000e-01
  2.55874105e+01     1.17100000e-01
  2.55977407e+01     1.16099998e-01
  2.56080709e+01     1.16099998e-01
  2.56183992e+01     1.16099998e-01
  2.56287294e+01     1.16099998e-01
  2.56390597e+01     1.16099998e-01
  2.56493899e+01     1.15099996e-01
  2.56597202e+01     1.15099996e-01
  2.56700504e+01     1.14100002e-01
  2.56803806e+01     1.13100000e-01
  2.56907109e+01     1.12099998e-01
  2.57010391e+01     1.10100001e-01
  2.57113694e+01     1.09099999e-01
  2.57216996e+01     1.08099997e-01
  2.57320298e+01     1.07100002e-01
  2.57423601e+01     1.06100000e-01
  2.57526903e+01     1.05099998e-01
  2.57630206e+01     1.05099998e-01
  2.57733508e+01     1.04099996e-01
  2.57836791e+01     1.03100002e-01
  2.57940093e+01     1.03100002e-01
  2.58043395e+01     1.02100000e-01
  2.58146698e+01     1.01099998e-01
  2.58250000e+01     1.00000001e-01
  2.58353302e+01     9.89200026e-02
  2.58456605e+01     9.73199978e-02
  2.58559907e+01     9.56299976e-02
  2.58663209e+01     9.39299986e-02
  2.58766492e+01     9.21399966e-02
  2.58869794e+01     9.03500021e-02
  2.58973097e+01     8.85500014e-02
  2.59076399e+01     8.70599970e-02
  2.59179702e+01     8.57700035e-02
  2.59283004e+01     8.44800025e-02
  2.59386306e+01     8.34800005e-02
  2.59489609e+01     8.26800019e-02
  2.59592891e+01     8.18800032e-02
  2.59696194e+01     8.11700001e-02
  2.59799496e+01     8.05599988e-02
  2.59902798e+01     7.99499974e-02
  2.60006101e+01     7.93400034e-02
  2.60109403e+01     7.88400024e-02
  2.60212706e+01     7.82399997e-02
  2.60316008e+01     7.77399987e-02
  2.60419291e+01     7.72499964e-02
  2.60522593e+01     7.68600032e-02
  2.60625895e+01     7.64700025e-02
  2.60729198e+01     7.62799978e-02
  2.60832500e+01     7.60900006e-02
  2.60935802e+01     7.59999976e-02
  2.61039105e+01     7.60999992e-02
  2.61142407e+01     7.62000009e-02
  2.61245709e+01     7.62000009e-02
  2.61348992e+01     7.62000009e-02
  2.61452294e+01     7.62000009e-02
  2.61555597e+01     7.60999992e-02
  2.61658899e+01     7.55999982e-02
  2.61762202e+01     7.51900002e-02
  2.61865504e+01     7.45899975e-02
  2.61968806e+01     7.37899989e-02
  2.62072109e+01     7.29800016e-02
  2.62175391e+01     7.21800029e-02
  2.62278694e+01     7.13799968e-02
  2.62381996e+01     7.05699995e-02
  2.62485298e+01     6.98700026e-02
  2.62588601e+01     6.92699999e-02
  2.62691903e+01     6.86699972e-02
  2.62795206e+01     6.80700019e-02
  2.62898508e+01     6.74699992e-02
  2.63001791e+01     6.66799992e-02
  2.63105093e+01     6.59800023e-02
  2.63208395e+01     6.48899972e-02
  2.63311698e+01     6.36000037e-02
  2.63415000e+01     6.23999983e-02
  2.63518302e+01     6.09100014e-02
  2.63621605e+01     5.92200011e-02
  2.63724907e+01     5.76299988e-02
  2.63828209e+01     5.60400002e-02
  2.63931492e+01     5.46500012e-02
  2.64034794e+01     5.32599986e-02
  2.64138097e+01     5.20600006e-02
  2.64241399e+01     5.12700006e-02
  2.64344702e+01     5.05700000e-02
  2.64448004e+01     4.98800017e-02
  2.64551306e+01     4.93800007e-02
  2.64654609e+01     4.88799997e-02
  2.64757891e+01     4.83900011e-02
  2.64861194e+01     4.75899987e-02
  2.64964496e+01     4.65999991e-02
  2.65067798e+01     4.57100011e-02
  2.65171101e+01     4.44200002e-02
  2.65274403e+01     4.29399982e-02
  2.65377706e+01     4.13599983e-02
  2.65481008e+01     3.97699997e-02
  2.65584291e+01     3.80799994e-02
  2.65687593e+01     3.64000015e-02
  2.65790895e+01     3.48099992e-02
  2.65894198e+01     3.36100012e-02
  2.65997500e+01     3.23100016e-02
  2.66100802e+01     3.12099997e-02
  2.66204105e+01     3.07299998e-02
  2.66307407e+01     3.02399993e-02
  2.66410709e+01     2.97599994e-02
  2.66513992e+01     2.97800004e-02
  2.66617294e+01     2.98100002e-02
  2.66720597e+01     2.99299993e-02
  2.66823899e+01     3.01500000e-02
  2.66927202e+01     3.04600000e-02
  2.67030504e+01     3.08800004e-02
  2.67133806e+01     3.11900005e-02
  2.67237109e+01     3.16799991e-02
  2.67340391e+01     3.20799984e-02
  2.67443694e+01     3.25700007e-02
  2.67546996e+01     3.30500007e-02
  2.67650298e+01     3.35300006e-02
  2.67753601e+01     3.40199992e-02
  2.67856903e+01     3.43099982e-02
  2.67960206e+01     3.46999988e-02
  2.68063508e+01     3.50000001e-02
  2.68166791e+01     3.51000018e-02
  2.68270093e+01     3.51900011e-02
  2.68373395e+01     3.51999998e-02
  2.68476698e+01     3.51000018e-02
  2.68580000e+01     3.48099992e-02
  2.68683302e+01     3.44199985e-02
  2.68786605e+01     3.40400003e-02
  2.68889907e+01     3.34500000e-02
  2.68993209e+01     3.28699984e-02
  2.69096492e+01     3.22900005e-02
  2.69199794e+01     3.16199996e-02
  2.69303097e+01     3.09400000e-02
  2.69406399e+01     3.02700009e-02
  2.69509702e+01     2.96999998e-02
  2.69613004e+01     2.91300006e-02
  2.69716306e+01     2.85700001e-02
  2.69819609e+01     2.80099995e-02
  2.69922891e+01     2.74599995e-02
  2.70026194e+01     2.69900002e-02
  2.70129496e+01     2.64199991e-02
  2.70232798e+01     2.58499999e-02
  2.70336101e+01     2.52700001e-02
  2.70439403e+01     2.46099997e-02
  2.70542706e+01     2.38300003e-02
  2.70646008e+01     2.30299998e-02
  2.70749291e+01     2.22500004e-02
  2.70852593e+01     2.14499999e-02
  2.70955895e+01     2.07300000e-02
  2.71059198e+01     2.00100001e-02
  2.71162500e+01     1.93799995e-02
  2.71265802e+01     1.90399997e-02
  2.71369105e+01     1.87800005e-02
  2.71472407e+01     1.84400007e-02
  2.71575709e+01     1.86000001e-02
  2.71678992e+01     1.86800007e-02
  2.71782294e+01     1.88500006e-02
  2.71885597e+01     1.90500002e-02
  2.71988899e+01     1.92600004e-02
  2.72092202e+01     1.94700006e-02
  2.72195504e+01     1.95799991e-02
  2.72298806e+01     1.96800008e-02
  2.72402109e+01     1.96899995e-02
  2.72505391e+01     1.97000001e-02
  2.72608694e+01     1.97000001e-02
  2.72711996e+01     1.96100008e-02
  2.72815298e+01     1.95099991e-02
  2.72918601e+01     1.95199996e-02
  2.73021903e+01     1.95199996e-02
  2.73125206e+01     1.95199996e-02
  2.73228508e+01     1.95300002e-02
  2.73331791e+01     1.95499994e-02
  2.73435093e+01     1.95700005e-02
  2.73538395e+01     1.95799991e-02
  2.73641698e+01     1.93099994e-02
  2.73745000e+01     1.90500002e-02
  2.73848302e+01     1.87800005e-02
  2.73951605e+01     1.83400009e-02
  2.74054907e+01     1.76899992e-02
  2.74158209e+01     1.70399994e-02
  2.74261492e+01     1.64000001e-02
  2.74364794e+01     1.57399997e-02
  2.74468097e+01     1.49900001e-02
  2.74571399e+01     1.43200001e-02
  2.74674702e+01     1.35599999e-02
  2.74778004e+01     1.29500004e-02
  2.74881306e+01     1.22699998e-02
  2.74984609e+01     1.15999999e-02
  2.75087891e+01     1.09200003e-02
  2.75191194e+01     1.02500003e-02
  2.75294496e+01     9.56999976e-03
  2.75397798e+01     8.92200042e-03
  2.75501101e+01     8.27500038e-03
  2.75604403e+01     7.61000020e-03
  2.75707706e+01     7.11899996e-03
  2.75811008e+01     7.04600010e-03
  2.75914291e+01     6.89300010e-03
  2.76017593e+01     6.62600016e-03
  2.76120895e+01     2.39700004e-02
  2.76224198e+01     2.66800001e-02
  2.76327500e+01     2.66200006e-02
  2.76430802e+01     2.69000009e-02
  2.76534105e+01     2.60099992e-02
  2.76637407e+01     2.51199994e-02
  2.76740709e+01     2.43200008e-02
  2.76843992e+01     2.35200003e-02
  2.76947294e+01     2.27199998e-02
  2.77050597e+01     2.19400004e-02
  2.77153899e+01     2.10500006e-02
  2.77257202e+01     2.01200005e-02
  2.77360504e+01     1.92300007e-02
  2.77463806e+01     1.83799993e-02
  2.77567109e+01     1.75599996e-02
  2.77670391e+01     1.67999994e-02
  2.77773694e+01     1.60600003e-02
  2.77876996e+01     1.53500000e-02
  2.77980298e+01     1.46899996e-02
  2.78083601e+01     1.40500003e-02
  2.78186903e+01     1.34399999e-02
  2.78290206e+01     1.28600001e-02
  2.78393508e+01     1.22800004e-02
  2.78496791e+01     1.17300004e-02
  2.78600093e+01     1.12100001e-02
  2.78703395e+01     1.07000005e-02
  2.78806698e+01     1.02000004e-02
  2.78910000e+01     9.59699973e-03
  2.79013302e+01     8.90200026e-03
  2.79116605e+01     8.21200013e-03
  2.79219907e+01     7.19700009e-03
  2.79323209e+01     4.39900020e-03
  2.79426492e+01     4.71400004e-03
  2.79529794e+01     5.07600000e-03
  2.79633097e+01     5.50300023e-03
  2.79736399e+01     5.81600005e-03
  2.79839702e+01     6.13400014e-03
  2.79943004e+01     6.45599980e-03
  2.80046306e+01     6.67600008e-03
  2.80149609e+01     6.79099979e-03
  2.80252891e+01     6.88399980e-03
  2.80356194e+01     6.98299985e-03
  2.80459496e+01     6.94900006e-03
  2.80562798e+01     6.91899983e-03
  2.80666101e+01     6.88399980e-03
  2.80769403e+01     6.81499997e-03
  2.80872706e+01     6.72599999e-03
  2.80976008e+01     6.64799986e-03
  2.81079291e+01     6.57500001e-03
  2.81182593e+01     6.43499987e-03
  2.81285895e+01     6.26099994e-03
  2.81389198e+01     6.10599993e-03
  2.81492500e+01     5.89400018e-03
  2.81595802e+01     5.47599979e-03
  2.81699105e+01     5.06100012e-03
  2.81802407e+01     4.67099994e-03
  2.81905709e+01     4.11000010e-03
  2.82008992e+01     3.49500007e-03
  2.82112294e+01     2.93800002e-03
  2.82215597e+01     2.39400007e-03
  2.82318899e+01     1.42800005e-03
  2.82422202e+01     8.48700001e-04
  2.82525504e+01     5.14300016e-04
  2.82628806e+01     3.97700001e-04
  2.82732109e+01     6.26300025e-05
  2.82835391e+01     1.04200000e-04
  2.82938694e+01     8.77999992e-05
  2.83041996e+01     7.37800001e-05
  2.83145298e+01     6.23300002e-05
  2.83248601e+01     5.23499984e-05
  2.83351903e+01     4.41900011e-05
  2.83455206e+01     3.73199982e-05
  2.83558508e+01     3.13199998e-05
  2.83661791e+01     2.63300008e-05
  2.83765093e+01     2.21400005e-05
  2.83868395e+01     1.86100006e-05
  2.83971698e+01     1.56200003e-05
  2.84075000e+01     1.31500001e-05
  2.84178302e+01     1.10499996e-05
  2.84281605e+01     9.27800011e-06
  2.84384907e+01     7.79499987e-06
  2.84488209e+01     7.07700019e-06
  2.84591492e+01     6.62499997e-06
  2.84694794e+01     6.19200000e-06
  2.84798097e+01     5.79600010e-06
  2.84901399e+01     5.40100018e-06
  2.85004702e+01     5.06000015e-06
  2.85108004e+01     4.73699993e-06
  2.85211306e+01     4.43199997e-06
  2.85314609e+01     4.14599981e-06
  2.85417891e+01     3.87799992e-06
  2.85521194e+01     3.62800006e-06
  2.85624496e+01     3.37799997e-06
  2.85727798e+01     3.15900002e-06
  2.85831101e+01     2.95299992e-06
  2.85934403e+01     2.76300011e-06
  2.86037706e+01     2.57700003e-06
  2.86141008e+01     2.40400004e-06
  2.86244291e+01     2.24900009e-06
  2.86347593e+01     4.77399999e-06
  2.86450895e+01     7.18499996e-06
  2.86554198e+01     1.73000008e-05
  2.86657500e+01     8.75499973e-05
  2.86760802e+01     8.03000003e-04
  2.86864105e+01     1.06899999e-03
  2.86967407e+01     1.40099996e-03
  2.87070709e+01     1.79899996e-03
  2.87173992e+01     2.10499996e-03
  2.87277294e+01     2.18500011e-03
  2.87380597e+01     2.24300008e-03
  2.87483899e+01     2.32299999e-03
  2.87587202e+01     2.34699994e-03
  2.87690504e+01     2.35199998e-03
  2.87793806e+01     2.35900003e-03
  2.87897109e+01     2.36900011e-03
  2.88000391e+01     2.35500000e-03
  2.88103694e+01     2.35199998e-03
  2.88206996e+01     2.35099997e-03
  2.88310298e+01     2.31399992e-03
  2.88413601e+01     2.12899991e-03
  2.88516903e+01     1.97000010e-03
  2.88620206e+01     1.81599997e-03
  2.88723508e+01     1.51800003e-03
  2.88826791e+01     1.11299998e-03
  2.88930093e+01     8.09099991e-04
  2.89033395e+01     5.91700024e-04
  2.89136698e+01     1.31099994e-04
  2.89240000e+01     3.65999986e-05
  2.89756492e+01     8.79700019e-06
  2.90273004e+01     1.06400003e-05
  2.90789496e+01     1.14799996e-05
  2.91306008e+01     1.24199996e-05
  2.91822500e+01     1.35099999e-05
  2.92338992e+01     1.41700002e-05
  2.92855504e+01     1.39000003e-05
  2.93371996e+01     1.37799998e-05
  2.93888508e+01     1.37099996e-05
  2.94405000e+01     1.26599998e-05
  2.94921492e+01     1.08900003e-05
